#Order	Acceptance Ratio
1	0.5190987139160582
2	0.24038933640867977
3	0.3311959629626847
4	0.7581670294928826
5	0.26636219344243806
6	0.4261482957666817
7	0.04935754643636503
8	0.3178316029124645
9	0.5860641586927448
10	0.01760320481095734
11	0.17290038925826579
12	0.3877453808419494
13	0.8977641065767374
14	0.9840753681370888
15	0.8464382383642025
16	0.9004490529299208
17	0.855467905326761
18	0.020777137480348373
19	0.10283908550631793
20	0.3482346173440457
21	0.04140240791203986
22	0.20218356503390866
23	0.6160648168781004
24	0.6178623347694616
25	0.7063529007330401
26	0.019011732727265862
27	0.28157168504622954
28	0.39283875931331325
29	0.010414524293240635
30	0.7107872122158111
31	0.9284572953070529
32	0.498432066778834
33	0.5338711489985647
34	0.037041326913047956
35	0.32639903317295427
36	0.7015707278210247
37	0.3233565157746149
38	0.38616445650941944
39	0.29443212813907094
40	0.1997871588176915
41	0.8945207668884754
42	0.09507978288549956
43	0.569704948815384
44	0.8307658698701307
45	0.533297427426372
46	0.8728624462821687
47	0.77805230842634
48	0.312419620717148
49	0.8854090402108704
50	0.6751777221319087
51	0.9641180852408382
52	0.4383209138119324
53	0.5280179660231267
54	0.9650541043208097
55	0.6435053907914664
56	0.7065733658203093
57	0.8042919371320053
58	0.9994011847878745
59	0.588163809985582
60	0.24158879805181965
61	0.37556681343394194
62	0.9489189715314061
63	0.18281581465876473
64	0.22861128584029422
65	0.7711342722179841
66	0.4179503551724302
67	0.12422119693621259
68	0.4411494892250276
69	0.874208382158985
70	0.2515195868857746
71	0.17321345269746824
72	0.714780344670224
73	0.5806181879877259
74	0.34747298180726227
75	0.4938977738725513
76	0.8284821833288539
77	0.38039737697818854
78	0.3243165205284876
79	0.869422913752295
80	0.31601205799026044
81	0.32663411903030104
82	0.3931267644649691
83	0.9400953389418567
84	0.8918474336590768
85	0.2885778285545
86	0.12891825071046503
87	0.23627199633257767
88	0.4265351150659954
89	0.6762522588463884
90	0.7578729165320354
91	0.8243049337330771
92	0.7929733779131933
93	0.6907927932615153
94	0.8088004852705991
95	0.08232456513805286
96	0.04955278888632331
97	0.6186155712879627
98	0.5921589870403755
99	0.8388010707740126
100	0.6861058286372318
101	0.6885293012597086
102	0.7851724455218204
103	0.6025406620995144
104	0.37394921735098163
105	0.3271261676166404
106	0.9195080863802836
107	0.9913997257359837
108	0.1585765664336648
109	0.6364232715605935
110	0.15483986332825617
111	0.34557570922449876
112	0.8726931103729445
113	0.540016510972607
114	0.13670425494066285
115	0.7896202769067552
116	0.07167854988464772
117	0.19691663069971155
118	0.800053132418104
119	0.9938360473805178
120	0.25592446421463066
121	0.14403942098725597
122	0.6565920972691259
123	0.6164557389058726
124	0.34592439150573673
125	0.1495607143472525
126	0.25211531587679525
127	0.7848912715668979
128	0.12651669642328767
129	0.7727960267125876
130	0.19681374155634557
131	0.08297217491707842
132	0.7233372364139415
133	0.5097934387004036
134	0.007778656341563717
135	0.09296336595962762
136	0.4205699358064673
137	0.30843542947224845
138	0.5102725475951041
139	0.06541556753342992
140	0.667277360187044
141	0.6167194358537931
142	0.5733705106590732
143	0.7593688002081928
144	0.7944292878044988
145	0.4069044390222438
146	0.8487657584006231
147	0.6365186344272823
148	0.06924183279618612
149	0.36530454683695734
150	0.6052821369766545
151	0.8515184474134601
152	0.8544696445351284
153	0.6616508732058374
154	0.9202857612058252
155	0.01713997309734261
156	0.00964917469708737
157	0.7659234014704076
158	0.8673620147043352
159	0.6295848451449182
160	0.3444660821407881
161	0.5754236473407879
162	0.06952134278266842
163	0.7532552266097983
164	0.5509440327081969
165	0.02025952135191511
166	0.06513861145031696
167	0.036609496187332335
168	0.1106861798543658
169	0.8977714950904563
170	0.3744234431258424
171	0.007104329296013123
172	0.6096457818436453
173	0.9058452363079449
174	0.7574943988451379
175	0.7214024308080742
176	0.45791441635702357
177	0.783722543843891
178	0.9603209393272938
179	0.7134877113248672
180	0.5006168902460151
181	0.6807479060423208
182	0.9557143001853808
183	0.11212028194394585
184	0.332562502477847
185	0.0367683786134223
186	0.37734268595865894
187	0.9413781945261137
188	0.9050544644039876
189	0.27727129858588917
190	0.7539726035416225
191	0.2724045871126718
192	0.9285240554013243
193	0.21463490521741646
194	0.7534207486933933
195	0.2755764862636988
196	0.5048879332563688
197	0.9768425629917242
198	0.2829393691847619
199	0.34868356693587543
200	0.9778412279854886
201	0.6880941653417831
202	0.49493851815090095
203	0.6646482089406196
204	0.7336395804683205
205	0.7529182069373349
206	0.3134239933123171
207	0.5040624208171465
208	0.6316884322649003
209	0.8011138894312966
210	0.7703387848253141
211	0.2173409683832499
212	0.3202251673002525
213	0.0660392616737644
214	0.7855440551564693
215	0.0677579250895417
216	0.5854283123361825
217	0.6770471395802617
218	0.9249111668349583
219	0.8475942667426661
220	0.12515755458440014
221	0.6694976606717323
222	0.7161903034684518
223	0.7959225579990853
224	0.17123124170914872
225	0.0782216833959607
226	0.28894170025228005
227	0.8329187651565255
228	0.815274993991376
229	0.12858647898663111
230	0.2999569064746316
231	0.3493935352448092
232	0.21199546304053218
233	0.23168841292927977
234	0.9685710780681225
235	0.46153852062524914
236	0.4195191139676002
237	0.9672041634475277
238	0.7331129854330657
239	0.4076738335484955
240	0.18534749429081765
241	0.5297343230436862
242	0.8091239151168079
243	0.12262544672015618
244	0.20053552160234933
245	0.2966316902308498
246	0.9253655348482688
247	0.7022577923040391
248	0.006107518929156064
249	0.4730485658599808
250	0.4545123669932748
251	0.39543504347336844
252	0.9526048647062058
253	0.5129907086763023
254	0.8399036478571651
255	0.8385439456817105
256	0.4338636360133744
257	0.3402471315483392
258	0.8290335488863046
259	0.6652702290818122
260	0.09052994052709595
261	0.9352467846637302
262	0.6701854361495209
263	0.14015272770849563
264	0.04702412491757657
265	0.42143032529447466
266	0.14193715735407597
267	0.13152056232455822
268	0.35931692548740124
269	0.4307392811686478
270	0.9638077422004678
271	0.872783528382156
272	0.8403373045433603
273	0.07305412121426968
274	0.31113749937808466
275	0.8664093478900221
276	0.12502453574137273
277	0.4565601940856242
278	0.8314409946547974
279	0.8047835256726052
280	0.1513944129253092
281	0.15901895872980154
282	0.9813595160254774
283	0.5801853355893947
284	0.7515121169398374
285	0.42155051156573287
286	0.4094024716410759
287	0.828971969725889
288	0.9987470208884982
289	0.15896618139779528
290	0.24067435478632704
291	0.04882040005869459
292	0.7888209984175563
293	0.9313562854238381
294	0.08487524969241733
295	0.6152348128702637
296	0.8931900360767894
297	0.4519189432458731
298	0.0995957963267925
299	0.05534957987821032
300	0.18952438512200454
301	0.6013308400573066
302	0.4221109945543725
303	0.497955664900085
304	0.9257510705375731
305	0.5084320456691191
306	0.28132517609962315
307	0.014267165354889255
308	0.07725786956184977
309	0.8494234981230704
310	0.5528960526034594
311	0.5193606409767506
312	0.15879112507612092
313	0.8778784944558926
314	0.1541783436854488
315	0.18318711262838216
316	0.041375437952615224
317	0.7959333574049744
318	0.7299875492695888
319	0.45121808965636145
320	0.6877830884477926
321	0.41452334498078725
322	0.17098620170046286
323	0.04345706603606192
324	0.4989549475046864
325	0.7426266849402017
326	0.35854937613865756
327	0.18204395578779742
328	0.48066355534844185
329	0.5849315434368115
330	0.2622008017881978
331	0.7336099592835477
332	0.7787384947765854
333	0.2721268549369069
334	0.7664510368295447
335	0.5419048476429895
336	0.1957347676243898
337	0.536305876353596
338	0.4720075590641698
339	0.6917025356891403
340	0.9192632795823585
341	0.828224330264396
342	0.5582625866324125
343	0.8827943333503628
344	0.050168112246240404
345	0.7959020129658991
346	0.07978753157906271
347	0.109579304208406
348	0.44978899144142603
349	0.18941718428975773
350	0.060504541396758205
351	0.9275693585181138
352	0.17483046681392722
353	0.5513817929040108
354	0.8466839581034774
355	0.7724804207600189
356	0.10263216023956001
357	0.502482146783755
358	0.997124220788019
359	0.7327877783711118
360	0.11046039316250233
361	0.7110211981387237
362	0.8797617435572498
363	0.7007468601103676
364	0.7314857135153094
365	0.43423439348520276
366	0.40618964132008184
367	0.16119586543882292
368	0.1843235161266089
369	0.2509291270561991
370	0.3395340250437364
371	0.7546697877384977
372	0.5847032229398784
373	0.8779494027279421
374	0.11846654929487854
375	0.5117779200759666
376	0.37427689686136945
377	0.3278954101907723
378	0.7685833934208782
379	0.2802735142458068
380	0.40403096150921236
381	0.7086165447027427
382	0.45185251753534783
383	0.9056262920214131
384	0.947468908409459
385	0.7560463015669202
386	0.31847586501070657
387	0.7191135807807578
388	0.8925941504546656
389	0.8974405063600825
390	0.39001127632596
391	0.5983686543640466
392	0.711827313946979
393	0.8747668807296465
394	0.7314972117413219
395	0.7041405166463037
396	0.40334162087265946
397	0.24090536045264388
398	0.6325005003172746
399	0.8412230338282201
400	0.4497503809260983
401	0.36272356598297717
402	0.019677148196873606
403	0.37376516635623724
404	0.4423578933302553
405	0.5395348972349072
406	0.9927499134787532
407	0.42147798959935223
408	0.09832307599571466
409	0.15598633740570478
410	0.9260432496179747
411	0.5926695598717934
412	0.5022057894081918
413	0.6646472875636975
414	0.5603241212103387
415	0.9520363236830883
416	0.8328544850798648
417	0.034364113394315
418	0.8608846239518755
419	0.6309707474452537
420	0.2408816107699051
421	0.19488476221679107
422	0.052806925879834155
423	0.19266851273547114
424	0.6121005869805575
425	0.8431979073575491
426	0.16182227875451927
427	0.8875468262974676
428	0.08859965318332008
429	0.4118006395041297
430	0.5514612633710629
431	0.08264919190643905
432	0.8294615704162732
433	0.8581076590643544
434	0.7018910234243357
435	0.43531310189969663
436	0.7095458436113242
437	0.1191144793079173
438	0.8978898694503573
439	0.2631060088187058
440	0.11517079070433867
441	0.7198751257493707
442	0.7454112992814306
443	0.26850841233502476
444	0.624800856370379
445	0.006274682966874612
446	0.11162363784190277
447	0.7480479411593428
448	0.6963864697659672
449	0.26108073657302777
450	0.9531254221097496
451	0.635781088101591
452	0.25274462457732183
453	0.5069639583278963
454	0.6830019032398017
455	0.5505482897843799
456	0.6804453504779353
457	0.44201726047454604
458	0.873325408662435
459	0.13500602988683774
460	0.9630002400734732
461	0.09051405446724026
462	0.5355187648791511
463	0.3228740170022708
464	0.9709580781728075
465	0.24599414317225443
466	0.1209527958206068
467	0.42700123763694364
468	0.6280222834175067
469	0.7329665193611531
470	0.24331646356704262
471	0.536321304980481
472	0.29470673366012834
473	0.4330615257450795
474	0.6496629385078833
475	0.8255445795230814
476	0.41676087768493253
477	0.5840915050174509
478	0.18403592942242342
479	0.7747205773928062
480	0.39972106961587184
481	0.05253990753003179
482	0.6296322343704162
483	0.08423223061967666
484	0.009029099249418304
485	0.32747182283580645
486	0.30168270370612504
487	0.1416202668015114
488	0.6111480472034212
489	0.8433556991066768
490	0.9394446896355247
491	0.05818309152453882
492	0.8758554311971384
493	0.38190644505965554
494	0.04337358082144682
495	0.12361926567616466
496	0.38816960410162915
497	0.5397049620828542
498	0.05477026468507895
499	0.5211090288883902
500	0.776832804900305
501	0.47399660349133843
502	0.2563692791530684
503	0.3660721503051384
504	0.8175604161554226
505	0.7130222848327851
506	0.14426654936086236
507	0.8206955360089837
508	0.8584681687445227
509	0.4621865805063159
510	0.8858484712816524
511	0.04884092830698461
512	0.10217481717509325
513	0.15409246918059816
514	0.8833605060142857
515	0.2815617267270817
516	0.20490147052348207
517	0.9581518091019794
518	0.8219191169125691
519	0.03947565941605702
520	0.7058188477577064
521	0.4107866305376281
522	0.29958450026536854
523	0.8845110168345041
524	0.5707299816932844
525	0.9760214577719307
526	0.576247858493759
527	0.5448221927269972
528	0.31267908736861894
529	0.5785365760307146
530	0.5175666056194248
531	0.20147505936991805
532	0.5085367421983614
533	0.2360970628135024
534	0.02926380366828929
535	0.4852990884833923
536	0.992719065107645
537	0.4526238568529448
538	0.03653423610596651
539	0.11918137757972547
540	0.8023788203308343
541	0.5299346362625514
542	0.8672951410335569
543	0.33219968279715884
544	0.8838465210538343
545	0.7233161170978492
546	0.31264012403304176
547	0.05752605696559521
548	0.32968339913076605
549	0.6712060966139817
550	0.7691385640119648
551	0.9120919433713832
552	0.9167920583440191
553	0.6922609242491274
554	0.787254143781556
555	0.2882978731355541
556	0.9324752664694471
557	0.8937329469550161
558	0.4950525871658348
559	0.6738561604812399
560	0.002342427202324693
561	0.9038043459596103
562	0.055924853689414133
563	0.8230304858164548
564	0.3651531315471783
565	0.07054439847928595
566	0.6948490189215889
567	0.09312916970360674
568	0.028111215295045233
569	0.8864605124674787
570	0.19026218402478212
571	0.4162761830317233
572	0.7785664644557314
573	0.019394659292720995
574	0.3979061236678497
575	0.8525687510997113
576	0.1559303977252351
577	0.8795459023706218
578	0.28433048864268884
579	0.11941129170289866
580	0.9158648466187304
581	0.36430255915532517
582	0.9682721084160687
583	0.6590152529741529
584	0.8585764745986705
585	0.8745491727430041
586	0.01566039446392442
587	0.18166981819593941
588	0.9253950878781888
589	0.7449499911987569
590	0.7745601495606862
591	0.8805225951318302
592	0.636096148564227
593	0.18021284220013578
594	0.12050233426478574
595	0.712105803033561
596	0.2207498224473553
597	0.19161586601596703
598	0.07621212166227231
599	0.3186333409289046
600	0.723860696325946
601	0.13540848308031384
602	0.7245525583360816
603	0.35045497658013414
604	0.5015583091829586
605	0.6875537666413338
606	0.6284725528167401
607	0.5757576202319183
608	0.6939853174298651
609	0.9449773165801528
610	0.45183498893780694
611	0.3373204165267556
612	0.33778634029241816
613	0.2602602942304385
614	0.513308428996978
615	0.34863540180227914
616	0.3841332666258427
617	0.8159487802455951
618	0.5440877864302115
619	0.2954649335231907
620	0.9925660587070688
621	0.1239129086049443
622	0.025939651347177017
623	0.18287630320196946
624	0.19324259571101754
625	0.15820608845146655
626	0.9322470427073258
627	0.59180027899869
628	0.6427470630930995
629	0.20161113968989064
630	0.5323002060460275
631	0.25565880409745856
632	0.2294579657763448
633	0.9893287647795077
634	0.07139959824412467
635	0.6234676049523135
636	0.3822947788566565
637	0.7118529945506102
638	0.2609992820000603
639	0.6301139448994934
640	0.5238366703281575
641	0.32152116289386456
642	0.12305730617982691
643	0.27918501298228915
644	0.10308553175364588
645	0.9309691929411007
646	0.2884429979670974
647	0.37689485357894137
648	0.17237164668636396
649	0.43179162097356316
650	0.8231901774452651
651	0.7073976713229679
652	0.15773161175917938
653	0.8445704918531373
654	0.43915457336605535
655	0.8473130960791412
656	0.5886893403855337
657	0.042992081026341666
658	0.845465825676186
659	0.13246005207204337
660	0.7507703129931238
661	0.6764380824636808
662	0.6300801991091671
663	0.8319069314760564
664	0.20112358635796168
665	0.17400729469939857
666	0.08539042861799473
667	0.5321102366696011
668	0.2936860044661943
669	0.4673005733945791
670	0.17140475416060263
671	0.41791137837951287
672	0.7996828215675537
673	0.9061923591566922
674	0.04532822864064012
675	0.9446466033357211
676	0.32998886347816325
677	0.3353125831985625
678	0.04557514504443538
679	0.8017049662666692
680	0.7619076682231226
681	0.12370900106774296
682	0.7618103699610436
683	0.8333179417528299
684	0.30533778435691583
685	0.270353932917791
686	0.05419971132630075
687	0.9685389237404216
688	0.23028424097701283
689	0.2290357904577358
690	0.76333679639911
691	0.23835058338157178
692	0.37941583838151527
693	0.7179342962672148
694	0.6876441496856757
695	0.48118365066023827
696	0.3412224025358981
697	0.5524671375801189
698	0.6352748620606569
699	0.3744884896420224
700	0.8463983026805715
701	0.604658094491474
702	0.35453677729701094
703	0.6863814749835956
704	0.45809929625010837
705	0.5597449619785168
706	0.026076197408105628
707	0.5559842478397024
708	0.5832248121846847
709	0.6758327872776501
710	0.24600551053683506
711	0.8004417975411466
712	0.49635489187764226
713	0.01431115482649048
714	0.18538008691963426
715	0.12903721342000107
716	0.9455918917537603
717	0.2108073651478064
718	0.5368595326358556
719	0.8782824779728965
720	0.04003884895930099
721	0.7573629163029487
722	0.5286991903146082
723	0.9070789897410041
724	0.888764725501449
725	0.89836524588622
726	0.9572025034469451
727	0.9612861545216658
728	0.6145404183472244
729	0.08717417339699052
730	0.11974279190672421
731	0.9016135838372527
732	0.09255845722543177
733	0.4519081536166887
734	0.3812801873029781
735	0.0038318496644231814
736	0.5765738123941606
737	0.9408409345588189
738	0.6017573663735905
739	0.8541983293161196
740	0.6516106024806896
741	0.6250636441276094
742	0.738930261760276
743	0.5400888259386057
744	0.3478884740577354
745	0.5671733362705734
746	0.7879522505250943
747	0.3652536159791717
748	0.8752183842100884
749	0.4619254873002133
750	0.638903824999101
751	0.709130874063837
752	0.20921508336538808
753	0.784709517561991
754	0.3399642089222503
755	0.016045087536971203
756	0.6641711764263604
757	0.18164437157980595
758	0.6990353987569098
759	0.41380402265513316
760	0.7530038695067186
761	0.8420752857334036
762	0.8705770867555478
763	0.5482631603824731
764	0.7155882546529398
765	0.7929341470276187
766	0.3798266415619217
767	0.8071787973478767
768	0.45545264729989865
769	0.9388298019403454
770	0.19579269589438253
771	0.8135854562227507
772	0.30538898741608433
773	0.6408111924801092
774	0.3341115015421702
775	0.8098242893897784
776	0.35502887936331384
777	0.7640793366969441
778	0.0006014143638858327
779	0.7111386831332513
780	0.2644702958386914
781	0.3914579044400508
782	0.40900636834262394
783	0.7948577332201608
784	0.46921904094791045
785	0.45418330869779744
786	0.1202427438904784
787	0.7985742663239973
788	0.5130165371548465
789	0.2381432387566076
790	0.6821394556694406
791	0.6722475435853359
792	0.3974294236774234
793	0.41333416968813397
794	0.5592174064209116
795	0.4447402159680981
796	0.2098028515374103
797	0.42876180461063307
798	0.5038689742689957
799	0.21633081563466383
800	0.15319540464443582
801	0.6249067314162762
802	0.9396656633887251
803	0.48035157297491327
804	0.17204291534939375
805	0.7031477113493343
806	0.4376384793451271
807	0.4240967005256714
808	0.17403107169764398
809	0.7915311722205491
810	0.8813305847354141
811	0.09700232869248893
812	0.8435657434906596
813	0.4775123878377976
814	0.9446951146756692
815	0.8228349508124704
816	0.9299129257059714
817	0.1344440263659964
818	0.027356460230952173
819	0.5529124314042285
820	0.46200144659663933
821	0.5974758179784253
822	0.21007360714013568
823	0.998391452845927
824	0.6573972545135116
825	0.6138473950881254
826	0.7280177250664398
827	0.3134901198660154
828	0.6915171895675589
829	0.7328143133417157
830	0.649530207119077
831	0.9204315313213568
832	0.4610842593773915
833	0.17762442523018007
834	0.3885702147201793
835	0.6993837710026274
836	0.419355335521691
837	0.1519230308455921
838	0.9062460738717453
839	0.778693875220957
840	0.8637766247336862
841	0.37464513647962194
842	0.8979104092910566
843	0.8824834582961781
844	0.8251037601811191
845	0.3728395349843566
846	0.45831160511239
847	0.32934715011067484
848	0.434334969210163
849	0.3926076796139335
850	0.29722206265802475
851	0.7034347139385492
852	0.9527331499070214
853	0.36242984941972245
854	0.21540279598382106
855	0.022750190712169993
856	0.391628248317508
857	0.5909316253220719
858	0.8282375970100349
859	0.3856808815758226
860	0.4316120479268464
861	0.7128755426782246
862	0.3244928118146643
863	0.8785635318090211
864	0.9026887915911238
865	0.8148310450821711
866	0.19213622540097197
867	0.6697219073803317
868	0.8316363145543103
869	0.340016198973056
870	0.2148541308678934
871	0.7650599507272012
872	0.8571207087644145
873	0.6418865915432681
874	0.3823725091182384
875	0.06956672768637573
876	0.16847070647414442
877	0.13796643312187018
878	0.9200245866654168
879	0.6465048310029229
880	0.18739168983876253
881	0.4305690103415687
882	0.3277736810530518
883	0.7476838159684873
884	0.9596171708253515
885	0.7082625304535447
886	0.7941408746312485
887	0.36885013672519407
888	0.9193755978879921
889	0.9868856422739056
890	0.24392524611180233
891	0.9342447654174246
892	0.9213133199880241
893	0.5603190071521335
894	0.11665213433828758
895	0.7227965121039309
896	0.05797531403146605
897	0.1710672560419113
898	0.25834204042547804
899	0.9486449765996071
900	0.36898809895436624
901	0.8529029762947123
902	0.06379592996526118
903	0.14710734558015937
904	0.4905056399619184
905	0.28252177096401165
906	0.8534475526347187
907	0.18952181376165966
908	0.22196005814766673
909	0.04947333829405476
910	0.9991482750043957
911	0.6733065283841267
912	0.5064368569812836
913	0.033937840808768494
914	0.08201369468663322
915	0.8220070067588052
916	0.16334214943466363
917	0.5196891901134222
918	0.44321098493793976
919	0.23552913886444127
920	0.5277314638324956
921	0.9706291533365929
922	0.7398591793847138
923	0.5107730787932593
924	0.28962558258054305
925	0.8439384134437912
926	0.8117463452755403
927	0.4575340160596154
928	0.49045749578767617
929	0.9287856777027055
930	0.486584724784102
931	0.7800186813421617
932	0.38111717901253805
933	0.3848813490642943
934	0.3370894467624944
935	0.2927010878737939
936	0.28089748262233327
937	0.6642886109000862
938	0.8789455141920575
939	0.5039912701843614
940	0.724873414618857
941	0.6493746698667178
942	0.21041197559576685
943	0.14853856899460982
944	0.49167071735968637
945	0.9024477899741854
946	0.4751428664122056
947	0.34914036810671434
948	0.5234181386559766
949	0.17151728859997006
950	0.8712394343282651
951	0.4938170670394343
952	0.062114152246102505
953	0.7938203660958041
954	0.9310335221990742
955	0.4038570766545506
956	0.42924517374289295
957	0.05914274216282933
958	0.07465901602910252
959	0.9793160553864668
960	0.26938355083561627
961	0.07325018530304572
962	0.40597226226873073
963	0.0909775113088458
964	0.38078279463889486
965	0.2605804941140395
966	0.1363436172289385
967	0.9449481447328409
968	0.2705197070920785
969	0.8628571224791772
970	0.26942701935785796
971	0.027976260163554034
972	0.7163833579036646
973	0.5010243615651873
974	0.7115349955911746
975	0.5188326010486373
976	0.9202734483387328
977	0.43209517069174597
978	0.8686229155595349
979	0.8135289906049114
980	0.9150714761327873
981	0.1724557324503897
982	0.036585969916820504
983	0.20011359219136682
984	0.12957602181094607
985	0.22989835298173078
986	0.08309662995432632
987	0.13913895389279096
988	0.7455105889387869
989	0.20446432092720457
990	0.5731766854136496
991	0.253457587586034
992	0.32082683481856544
993	0.9688610229236059
994	0.8993428221036521
995	0.3133744726737563
996	0.11603709013733299
997	0.756311748266759
998	0.2342719029677719
999	0.8137695083196399
1000	0.8011989094925174
