#Container_ID	Start_Node_ID	End_Node_ID	Order	Bottom Price	From	To	Release time	Due time	Expected transport time	Priority	Bid price	Transport Together?
1	283	893	1	13155	8	18	12	36	24	3	13955	Free
2	157	746	2	14387	7	21	7	30	23	3	15587	Free
3	157	696	2	14387	7	21	7	28	21	3	16387	Free
4	377	969	3	13373	2	19	16	39	23	3	14573	Free
5	4	596	4	14710	4	21	1	24	23	3	15910	Free
6	58	593	5	13155	8	18	3	24	21	3	15155	Free
7	351	992	6	14432	1	17	15	40	25	3	14832	Free
8	407	971	7	14387	7	21	17	39	22	3	15987	Free
9	380	943	8	13060	5	18	16	38	22	3	14660	Free
10	105	769	9	14893	5	19	5	31	26	3	14893	Free
11	105	719	9	14893	5	19	5	29	24	3	15693	Free
12	83	719	10	13408	8	19	4	29	25	3	13808	Free
13	208	870	11	13774	8	20	9	35	26	3	13774	Free
14	208	745	11	13774	8	20	9	30	21	3	15774	Free
15	33	617	12	13295	8	17	2	25	23	3	14495	Free
16	405	972	13	14738	5	22	17	39	22	3	16338	Free
17	332	922	14	13887	7	22	14	37	23	3	15087	Free
18	57	721	15	14387	7	21	3	29	26	3	14387	Free
19	379	971	16	14710	4	21	16	39	23	3	15910	Free
20	158	800	17	13994	8	25	7	32	25	3	14394	Free
21	53	674	18	14452	3	24	3	27	24	3	15252	Free
22	53	599	18	14452	3	24	3	24	21	3	16452	Free
23	28	648	19	14916	3	23	2	26	24	3	15716	Free
24	176	847	20	13375	1	22	8	34	26	3	13375	Free
25	230	774	21	14686	5	24	10	31	21	3	16686	Free
26	407	968	22	14075	7	18	17	39	22	3	15675	Free
27	381	950	23	13119	6	25	16	38	22	3	14719	Free
28	228	772	24	14901	3	22	10	31	21	3	16901	Free
29	303	871	25	14005	3	21	13	35	22	3	15605	Free
30	333	899	26	13286	8	24	14	36	22	3	14886	Free
31	309	971	27	13225	9	21	13	39	26	3	13225	Free
32	309	946	27	13225	9	21	13	38	25	3	13625	Free
33	31	619	28	14790	6	19	2	25	23	3	15990	Free
34	102	697	29	14927	2	22	5	28	23	3	16127	Free
35	107	717	30	13023	7	17	5	29	24	3	13823	Free
36	408	970	31	13774	8	20	17	39	22	3	15374	Free
37	280	921	32	13797	5	21	12	37	25	3	14197	Free
38	226	849	33	13912	1	24	10	34	24	3	14712	Free
39	426	992	34	14432	1	17	18	40	22	3	16032	Free
40	207	793	35	14075	7	18	9	32	23	3	15275	Free
41	283	893	36	13155	8	18	12	36	24	3	13955	Free
42	83	674	37	13286	8	24	4	27	23	3	14486	Free
43	253	919	38	13026	3	19	11	37	26	3	13026	Free
44	178	774	39	14452	3	24	8	31	23	3	15652	Free
45	178	749	39	14452	3	24	8	30	22	3	16052	Free
46	378	968	40	13264	3	18	16	39	23	3	14464	Free
47	181	850	41	13119	6	25	8	34	26	3	13119	Free
48	106	773	42	14817	6	23	5	31	26	3	14817	Free
49	205	873	43	13068	5	23	9	35	26	3	13068	Free
50	281	925	44	13119	6	25	12	37	25	3	13519	Free
51	230	873	45	13068	5	23	10	35	25	3	13468	Free
52	230	823	45	13068	5	23	10	33	23	3	14268	Free
53	333	993	46	13155	8	18	14	40	26	3	13155	Free
54	355	948	47	13068	5	23	15	38	23	3	14268	Free
55	153	799	48	14452	3	24	7	32	25	3	14852	Free
56	251	892	49	14432	1	17	11	36	25	3	14832	Free
57	252	894	50	13373	2	19	11	36	25	3	13773	Free
58	252	869	50	13373	2	19	11	35	24	3	14173	Free
59	408	997	51	13967	8	22	17	40	23	3	15167	Free
60	376	997	52	13375	1	22	16	40	24	3	14175	Free
61	376	947	52	13375	1	22	16	38	22	3	14975	Free
62	453	999	53	14452	3	24	19	40	21	3	16452	Free
63	5	569	54	14893	5	19	1	23	22	3	16493	Free
64	302	921	55	14931	2	21	13	37	24	3	15731	Free
65	376	975	56	13655	1	25	16	39	23	3	14855	Free
66	184	746	57	13225	9	21	8	30	22	3	14825	Free
67	253	869	58	13026	3	19	11	35	24	3	13826	Free
68	326	971	59	14700	1	21	14	39	25	3	15100	Free
69	127	674	60	14998	2	24	6	27	21	3	16998	Free
70	358	993	61	13155	8	18	15	40	25	3	13555	Free
71	326	944	62	13869	1	19	14	38	24	3	14669	Free
72	283	821	63	13229	8	21	12	33	21	3	15229	Free
73	181	849	64	13614	6	24	8	34	26	3	13614	Free
74	377	995	65	13620	2	20	16	40	24	3	14420	Free
75	331	868	66	14903	6	18	14	35	21	3	16903	Free
76	279	893	67	13428	4	18	12	36	24	3	14228	Free
77	53	720	68	13922	3	20	3	29	26	3	13922	Free
78	53	695	68	13922	3	20	3	28	25	3	14322	Free
79	301	896	69	14700	1	21	13	36	23	3	15900	Free
80	76	671	70	14700	1	21	4	27	23	3	15900	Free
81	76	646	70	14700	1	21	4	26	22	3	16300	Free
82	101	650	71	13655	1	25	5	26	21	3	15655	Free
83	381	997	72	14682	6	22	16	40	24	3	15482	Free
84	359	898	73	14566	9	23	15	36	21	3	16566	Free
85	359	973	73	14566	9	23	15	39	24	3	15366	Free
86	407	946	74	14387	7	21	17	38	21	3	16387	Free
87	101	773	75	13355	1	23	5	31	26	3	13355	Free
88	127	721	76	14931	2	21	6	29	23	3	16131	Free
89	107	693	77	14075	7	18	5	28	23	3	15275	Free
90	101	642	78	14432	1	17	5	26	21	3	16432	Free
91	80	693	79	13060	5	18	4	28	24	3	13860	Free
92	283	921	80	13229	8	21	12	37	25	3	13629	Free
93	209	774	81	13886	9	24	9	31	22	3	15486	Free
94	358	999	82	13286	8	24	15	40	25	3	13686	Free
95	358	899	82	13286	8	24	15	36	21	3	15286	Free
96	157	721	83	14387	7	21	7	29	22	3	15987	Free
97	384	997	84	13713	9	22	16	40	24	3	14513	Free
98	79	747	85	14266	4	22	4	30	26	3	14266	Free
99	79	647	85	14266	4	22	4	26	22	3	15866	Free
100	55	643	86	13060	5	18	3	26	23	3	14260	Free
101	301	925	87	13655	1	25	13	37	24	3	14455	Free
102	209	744	88	14122	9	19	9	30	21	3	16122	Free
103	151	720	89	13089	1	20	7	29	22	3	14689	Free
104	433	994	90	13408	8	19	18	40	22	3	15008	Free
105	233	769	91	13408	8	19	10	31	21	3	15408	Free
106	233	794	91	13408	8	19	10	32	22	3	15008	Free
107	233	894	91	13408	8	19	10	36	26	3	13408	Free
108	84	647	92	13713	9	22	4	26	22	3	15313	Free
109	383	924	93	13286	8	24	16	37	21	3	15286	Free
110	383	949	93	13286	8	24	16	38	22	3	14886	Free
111	102	650	94	13959	2	25	5	26	21	3	15959	Free
112	57	625	95	13326	7	25	3	25	22	3	14926	Free
113	29	567	96	13767	4	17	2	23	21	3	15767	Free
114	359	992	97	14405	9	17	15	40	25	3	14805	Free
115	102	768	98	13062	2	18	5	31	26	3	13062	Free
116	102	718	98	13062	2	18	5	29	24	3	13862	Free
117	401	975	99	13655	1	25	17	39	22	3	15255	Free
118	80	645	100	13980	5	20	4	26	22	3	15580	Free
119	284	950	101	14278	9	25	12	38	26	3	14278	Free
120	82	697	102	13887	7	22	4	28	24	3	14687	Free
121	234	867	103	14405	9	17	10	35	25	3	14805	Free
122	154	723	104	14117	4	23	7	29	22	3	15717	Free
123	152	748	105	14579	2	23	7	30	23	3	15779	Free
124	152	798	105	14579	2	23	7	32	25	3	14979	Free
125	229	771	106	14710	4	21	10	31	21	3	16710	Free
126	84	674	107	13886	9	24	4	27	23	3	15086	Free
127	128	671	108	14005	3	21	6	27	21	3	16005	Free
128	79	693	109	13428	4	18	4	28	24	3	14228	Free
129	79	643	109	13428	4	18	4	26	22	3	15028	Free
130	79	743	109	13428	4	18	4	30	26	3	13428	Free
131	359	996	110	13225	9	21	15	40	25	3	13625	Free
132	178	824	111	14452	3	24	8	33	25	3	14852	Free
133	409	967	112	14405	9	17	17	39	22	3	16005	Free
134	282	948	113	14994	7	23	12	38	26	3	14994	Free
135	334	997	114	13713	9	22	14	40	26	3	13713	Free
136	277	950	115	13959	2	25	12	38	26	3	13959	Free
137	277	822	116	14927	2	22	12	33	21	3	16927	Free
138	277	872	116	14927	2	22	12	35	23	3	16127	Free
139	434	993	117	13548	9	18	18	40	22	3	15148	Free
140	277	847	118	14927	2	22	12	34	22	3	16527	Free
141	207	867	119	13023	7	17	9	35	26	3	13023	Free
142	430	969	120	14893	5	19	18	39	21	3	16893	Free
143	258	925	121	13994	8	25	11	37	26	3	13994	Free
144	253	919	122	13026	3	19	11	37	26	3	13026	Free
145	159	768	123	13548	9	18	7	31	24	3	14348	Free
146	2	671	124	14931	2	21	1	27	26	3	14931	Free
147	229	792	125	13767	4	17	10	32	22	3	15367	Free
148	234	767	126	14405	9	17	10	31	21	3	16405	Free
149	351	920	127	13089	1	20	15	37	22	3	14689	Free
150	351	945	127	13089	1	20	15	38	23	3	14289	Free
151	176	796	128	14700	1	21	8	32	24	3	15500	Free
152	9	644	129	14122	9	19	1	26	25	3	14522	Free
153	403	974	130	14452	3	24	17	39	22	3	16052	Free
154	403	949	130	14452	3	24	17	38	21	3	16452	Free
155	228	845	131	13922	3	20	10	34	24	3	14722	Free
156	54	675	132	14312	4	25	3	27	24	3	15112	Free
157	131	775	133	13119	6	25	6	31	25	3	13519	Free
158	230	772	134	14738	5	22	10	31	21	3	16738	Free
159	30	693	135	13060	5	18	2	28	26	3	13060	Free
160	30	593	135	13060	5	18	2	24	22	3	14660	Free
161	379	919	136	14494	4	19	16	37	21	3	16494	Free
162	130	700	137	13151	5	25	6	28	22	3	14751	Free
163	334	897	138	13713	9	22	14	36	22	3	15313	Free
164	459	994	139	14122	9	19	19	40	21	3	16122	Free
165	257	793	140	14075	7	18	11	32	21	3	16075	Free
166	257	893	140	14075	7	18	11	36	25	3	14475	Free
167	306	873	141	14817	6	23	13	35	22	3	16417	Free
168	357	892	142	13023	7	17	15	36	21	3	15023	Free
169	233	875	143	13994	8	25	10	35	25	3	14394	Free
170	255	793	144	13060	5	18	11	32	21	3	15060	Free
171	255	893	144	13060	5	18	11	36	25	3	13460	Free
172	101	647	145	13375	1	22	5	26	21	3	15375	Free
173	382	974	146	14702	7	24	16	39	23	3	15902	Free
174	26	670	147	13089	1	20	2	27	25	3	13489	Free
175	333	895	148	13774	8	20	14	36	22	3	15374	Free
176	357	942	149	13023	7	17	15	38	23	3	14223	Free
177	357	917	149	13023	7	17	15	37	22	3	14623	Free
178	276	871	150	14700	1	21	12	35	23	3	15900	Free
179	276	821	150	14700	1	21	12	33	21	3	16700	Free
180	358	896	151	13229	8	21	15	36	21	3	15229	Free
181	127	723	152	14579	2	23	6	29	23	3	15779	Free
182	127	698	152	14579	2	23	6	28	22	3	16179	Free
183	152	742	153	13299	2	17	7	30	23	3	14499	Free
184	129	768	154	13428	4	18	6	31	25	3	13828	Free
185	151	700	155	13655	1	25	7	28	21	3	15655	Free
186	57	718	156	14075	7	18	3	29	26	3	14075	Free
187	226	818	157	13840	1	18	10	33	23	3	15040	Free
188	57	643	158	14075	7	18	3	26	23	3	15275	Free
189	433	972	159	13967	8	22	18	39	21	3	15967	Free
190	255	848	160	13068	5	23	11	34	23	3	14268	Free
191	5	595	161	13980	5	20	1	24	23	3	15180	Free
192	455	1000	162	13151	5	25	19	40	21	3	15151	Free
193	334	896	163	13225	9	21	14	36	22	3	14825	Free
194	407	967	164	13023	7	17	17	39	22	3	14623	Free
195	277	895	165	13620	2	20	12	36	24	3	14420	Free
196	83	625	166	13994	8	25	4	25	21	3	15994	Free
197	284	894	167	14122	9	19	12	36	24	3	14922	Free
198	284	919	167	14122	9	19	12	37	25	3	14522	Free
199	206	869	168	14790	6	19	9	35	26	3	14790	Free
200	256	795	169	14140	6	20	11	32	21	3	16140	Free
201	459	1000	170	14278	9	25	19	40	21	3	16278	Free
202	78	622	171	14901	3	22	4	25	21	3	16901	Free
203	328	898	172	14916	3	23	14	36	22	3	16516	Free
204	358	948	173	13115	8	23	15	38	23	3	14315	Free
205	202	797	174	14927	2	22	9	32	23	3	16127	Free
206	284	944	175	14122	9	19	12	38	26	3	14122	Free
207	284	869	175	14122	9	19	12	35	23	3	15322	Free
208	182	768	176	14075	7	18	8	31	23	3	15275	Free
209	57	721	177	14387	7	21	3	29	26	3	14387	Free
210	381	942	178	13511	6	17	16	38	22	3	15111	Free
211	205	821	179	13797	5	21	9	33	24	3	14597	Free
212	31	623	180	14817	6	23	2	25	23	3	16017	Free
213	232	871	181	14387	7	21	10	35	25	3	14787	Free
214	232	846	181	14387	7	21	10	34	24	3	15187	Free
215	253	794	182	13026	3	19	11	32	21	3	15026	Free
216	253	894	182	13026	3	19	11	36	25	3	13426	Free
217	53	648	183	14916	3	23	3	26	23	3	16116	Free
218	53	623	183	14916	3	23	3	25	22	3	16516	Free
219	56	621	184	14904	6	21	3	25	22	3	16504	Free
220	28	667	185	14555	3	17	2	27	25	3	14955	Free
221	28	692	185	14555	3	17	2	28	26	3	14555	Free
222	26	624	186	13912	1	24	2	25	23	3	15112	Free
223	26	699	186	13912	1	24	2	28	26	3	13912	Free
224	184	825	187	14278	9	25	8	33	25	3	14678	Free
225	376	942	188	14432	1	17	16	38	22	3	16032	Free
226	376	992	188	14432	1	17	16	40	24	3	15232	Free
227	52	593	189	13062	2	18	3	24	21	3	15062	Free
228	354	994	190	14494	4	19	15	40	25	3	14894	Free
229	32	674	191	14702	7	24	2	27	25	3	15102	Free
230	259	844	192	14122	9	19	11	34	23	3	15322	Free
231	101	742	193	14432	1	17	5	30	25	3	14832	Free
232	101	692	193	14432	1	17	5	28	23	3	15632	Free
233	101	642	193	14432	1	17	5	26	21	3	16432	Free
234	159	749	194	13886	9	24	7	30	23	3	15086	Free
235	327	949	195	14998	2	24	14	38	24	3	15798	Free
236	406	992	196	13511	6	17	17	40	23	3	14711	Free
237	406	942	196	13511	6	17	17	38	21	3	15511	Free
238	102	719	197	13373	2	19	5	29	24	3	14173	Free
239	79	650	198	14312	4	25	4	26	22	3	15912	Free
240	58	644	199	13408	8	19	3	26	23	3	14608	Free
241	333	919	200	13408	8	19	14	37	23	3	14608	Free
242	333	994	200	13408	8	19	14	40	26	3	13408	Free
243	3	646	201	14005	3	21	1	26	25	3	14405	Free
244	209	742	202	14405	9	17	9	30	21	3	16405	Free
245	253	898	203	14916	3	23	11	36	25	3	15316	Free
246	407	998	204	14994	7	23	17	40	23	3	16194	Free
247	33	699	205	13286	8	24	2	28	26	3	13286	Free
248	278	895	206	13922	3	20	12	36	24	3	14722	Free
249	434	998	207	14566	9	23	18	40	22	3	16166	Free
250	333	924	208	13286	8	24	14	37	23	3	14486	Free
251	4	597	209	14266	4	22	1	24	23	3	15466	Free
252	279	870	210	14687	4	20	12	35	23	3	15887	Free
253	352	946	211	14931	2	21	15	38	23	3	16131	Free
254	383	973	212	13115	8	23	16	39	23	3	14315	Free
255	283	895	213	13774	8	20	12	36	24	3	14574	Free
256	283	870	213	13774	8	20	12	35	23	3	14974	Free
257	454	998	214	14117	4	23	19	40	21	3	16117	Free
258	427	974	215	14998	2	24	18	39	21	3	16998	Free
259	202	798	216	14579	2	23	9	32	23	3	15779	Free
260	251	820	217	13089	1	20	11	33	22	3	14689	Free
261	303	844	218	13026	3	19	13	34	21	3	15026	Free
262	408	997	219	13967	8	22	17	40	23	3	15167	Free
263	254	874	220	13282	4	24	11	35	24	3	14082	Free
264	408	950	221	13994	8	25	17	38	21	3	15994	Free
265	204	800	222	14312	4	25	9	32	23	3	15512	Free
266	176	723	223	13355	1	23	8	29	21	3	15355	Free
267	176	748	223	13355	1	23	8	30	22	3	14955	Free
268	182	725	224	13326	7	25	8	29	21	3	15326	Free
269	127	750	225	13959	2	25	6	30	24	3	14759	Free
270	7	649	226	14702	7	24	1	26	25	3	15102	Free
271	105	771	227	13797	5	21	5	31	26	3	13797	Free
272	105	746	227	13797	5	21	5	30	25	3	14197	Free
273	105	696	227	13797	5	21	5	28	23	3	14997	Free
274	305	970	228	13980	5	20	13	39	26	3	13980	Free
275	228	824	229	14452	3	24	10	33	23	3	15652	Free
276	228	799	229	14452	3	24	10	32	22	3	16052	Free
277	307	944	230	13339	7	19	13	38	25	3	13739	Free
278	307	894	230	13339	7	19	13	36	23	3	14539	Free
279	9	596	231	13225	9	21	1	24	23	3	14425	Free
280	9	571	231	13225	9	21	1	23	22	3	14825	Free
281	207	772	232	13887	7	22	9	31	22	3	15487	Free
282	7	546	233	14387	7	21	1	22	21	3	16387	Free
283	282	946	234	14387	7	21	12	38	26	3	14387	Free
284	384	942	235	14405	9	17	16	38	22	3	16005	Free
285	30	699	236	14686	5	24	2	28	26	3	14686	Free
286	30	599	236	14686	5	24	2	24	22	3	16286	Free
287	382	921	237	14387	7	21	16	37	21	3	16387	Free
288	80	699	238	14686	5	24	4	28	24	3	15486	Free
289	234	771	239	13225	9	21	10	31	21	3	15225	Free
290	76	649	240	13912	1	24	4	26	22	3	15512	Free
291	283	874	241	13286	8	24	12	35	23	3	14486	Free
292	283	849	241	13286	8	24	12	34	22	3	14886	Free
293	284	820	242	13140	9	20	12	33	21	3	15140	Free
294	83	670	243	13774	8	20	4	27	23	3	14974	Free
295	83	645	243	13774	8	20	4	26	22	3	15374	Free
296	377	974	244	14998	2	24	16	39	23	3	16198	Free
297	51	697	245	13375	1	22	3	28	25	3	13775	Free
298	128	675	246	14873	3	25	6	27	21	3	16873	Free
299	282	874	247	14702	7	24	12	35	23	3	15902	Free
300	134	774	248	13886	9	24	6	31	25	3	14286	Free
301	31	618	249	14903	6	18	2	25	23	3	16103	Free
302	31	643	249	14903	6	18	2	26	24	3	15703	Free
303	31	593	249	14903	6	18	2	24	22	3	16503	Free
304	34	672	250	13713	9	22	2	27	25	3	14113	Free
305	155	697	251	14738	5	22	7	28	21	3	16738	Free
306	182	846	252	14387	7	21	8	34	26	3	14387	Free
307	57	723	253	14994	7	23	3	29	26	3	14994	Free
308	178	792	254	14555	3	17	8	32	24	3	15355	Free
309	356	947	255	14682	6	22	15	38	23	3	15882	Free
310	301	967	256	14432	1	17	13	39	26	3	14432	Free
311	83	742	257	13295	8	17	4	30	26	3	13295	Free
312	405	996	258	13797	5	21	17	40	23	3	14997	Free
313	405	946	258	13797	5	21	17	38	21	3	15797	Free
314	233	893	259	13155	8	18	10	36	26	3	13155	Free
315	278	919	260	13026	3	19	12	37	25	3	13426	Free
316	357	968	261	14075	7	18	15	39	24	3	14875	Free
317	307	850	262	13326	7	25	13	34	21	3	15326	Free
318	307	975	262	13326	7	25	13	39	26	3	13326	Free
319	256	799	263	13614	6	24	11	32	21	3	15614	Free
320	184	774	264	13886	9	24	8	31	23	3	15086	Free
321	30	670	265	13980	5	20	2	27	25	3	14380	Free
322	331	870	266	14140	6	20	14	35	21	3	16140	Free
323	359	924	267	13886	9	24	15	37	22	3	15486	Free
324	359	899	267	13886	9	24	15	36	21	3	15886	Free
325	154	824	268	13282	4	24	7	33	26	3	13282	Free
326	134	718	269	13548	9	18	6	29	23	3	14748	Free
327	351	898	270	13355	1	23	15	36	21	3	15355	Free
328	309	871	271	13225	9	21	13	35	22	3	14825	Free
329	351	896	272	14700	1	21	15	36	21	3	16700	Free
330	234	868	273	13548	9	18	10	35	25	3	13948	Free
331	206	845	274	14140	6	20	9	34	25	3	14540	Free
332	384	975	275	14278	9	25	16	39	23	3	15478	Free
333	108	645	276	13774	8	20	5	26	21	3	15774	Free
334	108	670	276	13774	8	20	5	27	22	3	15374	Free
335	234	822	277	13713	9	22	10	33	23	3	14913	Free
336	256	821	278	14904	6	21	11	33	22	3	16504	Free
337	59	700	279	14278	9	25	3	28	25	3	14678	Free
338	59	600	279	14278	9	25	3	24	21	3	16278	Free
339	59	725	279	14278	9	25	3	29	26	3	14278	Free
340	132	700	280	13326	7	25	6	28	22	3	14926	Free
341	103	771	281	14005	3	21	5	31	26	3	14005	Free
342	103	646	281	14005	3	21	5	26	21	3	16005	Free
343	103	721	281	14005	3	21	5	29	24	3	14805	Free
344	252	898	282	14579	2	23	11	36	25	3	14979	Free
345	256	800	283	13119	6	25	11	32	21	3	15119	Free
346	352	995	284	13620	2	20	15	40	25	3	14020	Free
347	3	574	285	14452	3	24	1	23	22	3	16052	Free
348	254	872	286	14266	4	22	11	35	24	3	15066	Free
349	254	797	286	14266	4	22	11	32	21	3	16266	Free
350	230	800	287	13151	5	25	10	32	22	3	14751	Free
351	29	623	288	14117	4	23	2	25	23	3	15317	Free
352	305	917	289	13452	5	17	13	37	24	3	14252	Free
353	33	693	290	13155	8	18	2	28	26	3	13155	Free
354	377	1000	291	13959	2	25	16	40	24	3	14759	Free
355	128	720	292	13922	3	20	6	29	23	3	15122	Free
356	176	822	293	13375	1	22	8	33	25	3	13775	Free
357	381	994	294	14790	6	19	16	40	24	3	15590	Free
358	57	673	295	14994	7	23	3	27	24	3	15794	Free
359	155	800	296	13151	5	25	7	32	25	3	13551	Free
360	155	725	296	13151	5	25	7	29	22	3	14751	Free
361	229	817	297	13767	4	17	10	33	23	3	14967	Free
362	281	948	298	14817	6	23	12	38	26	3	14817	Free
363	51	620	299	13089	1	20	3	25	22	3	14689	Free
364	377	918	300	13062	2	18	16	37	21	3	15062	Free
365	352	969	301	13373	2	19	15	39	24	3	14173	Free
366	352	919	301	13373	2	19	15	37	22	3	14973	Free
367	352	894	301	13373	2	19	15	36	21	3	15373	Free
368	77	642	302	13299	2	17	4	26	22	3	14899	Free
369	231	893	303	14903	6	18	10	36	26	3	14903	Free
370	301	897	304	13375	1	22	13	36	23	3	14575	Free
371	58	622	305	13967	8	22	3	25	22	3	15567	Free
372	403	996	306	14005	3	21	17	40	23	3	15205	Free
373	29	674	307	13282	4	24	2	27	25	3	13682	Free
374	107	698	308	14994	7	23	5	28	23	3	16194	Free
375	103	642	309	14555	3	17	5	26	21	3	16555	Free
376	7	594	310	13339	7	19	1	24	23	3	14539	Free
377	254	792	311	13767	4	17	11	32	21	3	15767	Free
378	279	920	312	14687	4	20	12	37	25	3	15087	Free
379	330	944	313	14893	5	19	14	38	24	3	15693	Free
380	383	1000	314	13994	8	25	16	40	24	3	14794	Free
381	451	994	315	13869	1	19	19	40	21	3	15869	Free
382	152	819	316	13373	2	19	7	33	26	3	13373	Free
383	280	869	317	14893	5	19	12	35	23	3	16093	Free
384	3	574	318	14452	3	24	1	23	22	3	16052	Free
385	383	972	319	13967	8	22	16	39	23	3	15167	Free
386	159	823	320	14566	9	23	7	33	26	3	14566	Free
387	258	842	321	13295	8	17	11	34	23	3	14495	Free
388	34	674	322	13886	9	24	2	27	25	3	14286	Free
389	281	943	323	14903	6	18	12	38	26	3	14903	Free
390	305	975	324	13151	5	25	13	39	26	3	13151	Free
391	378	995	325	13922	3	20	16	40	24	3	14722	Free
392	308	973	326	13115	8	23	13	39	26	3	13115	Free
393	308	848	326	13115	8	23	13	34	21	3	15115	Free
394	308	873	326	13115	8	23	13	35	22	3	14715	Free
395	106	767	327	13511	6	17	5	31	26	3	13511	Free
396	257	800	328	13326	7	25	11	32	21	3	15326	Free
397	257	900	328	13326	7	25	11	36	25	3	13726	Free
398	257	875	328	13326	7	25	11	35	24	3	14126	Free
399	152	820	329	13620	2	20	7	33	26	3	13620	Free
400	55	668	330	13060	5	18	3	27	24	3	13860	Free
401	159	718	331	13548	9	18	7	29	22	3	15148	Free
402	206	868	332	14903	6	18	9	35	26	3	14903	Free
403	106	694	333	14790	6	19	5	28	23	3	15990	Free
404	357	900	334	13326	7	25	15	36	21	3	15326	Free
405	56	669	335	14790	6	19	3	27	24	3	15590	Free
406	331	868	336	14903	6	18	14	35	21	3	16903	Free
407	331	968	336	14903	6	18	14	39	25	3	15303	Free
408	426	999	337	13912	1	24	18	40	22	3	15512	Free
409	159	825	338	14278	9	25	7	33	26	3	14278	Free
410	159	775	338	14278	9	25	7	31	24	3	15078	Free
411	183	818	339	13155	8	18	8	33	25	3	13555	Free
412	156	823	340	14817	6	23	7	33	26	3	14817	Free
413	352	973	341	14579	2	23	15	39	24	3	15379	Free
414	352	948	341	14579	2	23	15	38	23	3	15779	Free
415	26	567	342	14432	1	17	2	23	21	3	16432	Free
416	26	692	342	14432	1	17	2	28	26	3	14432	Free
417	380	918	343	13060	5	18	16	37	21	3	15060	Free
418	51	598	344	13355	1	23	3	24	21	3	15355	Free
419	109	674	345	13886	9	24	5	27	22	3	15486	Free
420	280	922	346	14738	5	22	12	37	25	3	15138	Free
421	332	900	347	13326	7	25	14	36	22	3	14926	Free
422	154	699	348	13282	4	24	7	28	21	3	15282	Free
423	154	749	348	13282	4	24	7	30	23	3	14482	Free
424	209	823	349	14566	9	23	9	33	24	3	15366	Free
425	332	996	350	14387	7	21	14	40	26	3	14387	Free
426	158	824	351	13286	8	24	7	33	26	3	13286	Free
427	252	793	352	13062	2	18	11	32	21	3	15062	Free
428	252	843	352	13062	2	18	11	34	23	3	14262	Free
429	227	771	353	14931	2	21	10	31	21	3	16931	Free
430	258	794	354	13408	8	19	11	32	21	3	15408	Free
431	257	921	355	14387	7	21	11	37	26	3	14387	Free
432	257	896	355	14387	7	21	11	36	25	3	14787	Free
433	327	975	356	13959	2	25	14	39	25	3	14359	Free
434	256	924	357	13614	6	24	11	37	26	3	13614	Free
435	130	770	358	13980	5	20	6	31	25	3	14380	Free
436	28	700	359	14873	3	25	2	28	26	3	14873	Free
437	176	792	360	14432	1	17	8	32	24	3	15232	Free
438	6	648	361	14817	6	23	1	26	25	3	15217	Free
439	6	673	361	14817	6	23	1	27	26	3	14817	Free
440	79	669	362	14494	4	19	4	27	23	3	15694	Free
441	79	619	362	14494	4	19	4	25	21	3	16494	Free
442	79	647	363	14266	4	22	4	26	22	3	15866	Free
443	406	942	364	13511	6	17	17	38	21	3	15511	Free
444	278	874	365	14452	3	24	12	35	23	3	15652	Free
445	1	675	366	13655	1	25	1	27	26	3	13655	Free
446	4	618	367	13428	4	18	1	25	24	3	14228	Free
447	82	700	368	13326	7	25	4	28	24	3	14126	Free
448	127	747	369	14927	2	22	6	30	24	3	15727	Free
449	178	846	370	14005	3	21	8	34	26	3	14005	Free
450	206	746	371	14904	6	21	9	30	21	3	16904	Free
451	102	745	372	13620	2	20	5	30	25	3	14020	Free
452	331	971	373	14904	6	21	14	39	25	3	15304	Free
453	330	921	374	13797	5	21	14	37	23	3	14997	Free
454	330	996	374	13797	5	21	14	40	26	3	13797	Free
455	330	946	374	13797	5	21	14	38	24	3	14597	Free
456	203	867	375	14555	3	17	9	35	26	3	14555	Free
457	251	795	376	13089	1	20	11	32	21	3	15089	Free
458	6	549	377	13614	6	24	1	22	21	3	15614	Free
459	82	722	378	13887	7	22	4	29	25	3	14287	Free
460	452	997	379	14927	2	22	19	40	21	3	16927	Free
461	78	619	380	13026	3	19	4	25	21	3	15026	Free
462	78	669	380	13026	3	19	4	27	23	3	14226	Free
463	257	850	381	13326	7	25	11	34	23	3	14526	Free
464	302	897	382	14927	2	22	13	36	23	3	16127	Free
465	409	996	383	13225	9	21	17	40	23	3	14425	Free
466	131	746	384	14904	6	21	6	30	24	3	15704	Free
467	428	974	385	14452	3	24	18	39	21	3	16452	Free
468	82	749	386	14702	7	24	4	30	26	3	14702	Free
469	328	875	387	14873	3	25	14	35	21	3	16873	Free
470	232	770	388	13835	7	20	10	31	21	3	15835	Free
471	334	869	389	14122	9	19	14	35	21	3	16122	Free
472	177	771	390	14931	2	21	8	31	23	3	16131	Free
473	204	848	391	14117	4	23	9	34	25	3	14517	Free
474	209	744	392	14122	9	19	9	30	21	3	16122	Free
475	52	674	393	14998	2	24	3	27	24	3	15798	Free
476	256	821	394	14904	6	21	11	33	22	3	16504	Free
477	256	921	394	14904	6	21	11	37	26	3	14904	Free
478	80	725	395	13151	5	25	4	29	25	3	13551	Free
479	379	947	396	14266	4	22	16	38	22	3	15866	Free
480	5	644	397	14893	5	19	1	26	25	3	15293	Free
481	328	944	398	13026	3	19	14	38	24	3	13826	Free
482	426	999	399	13912	1	24	18	40	22	3	15512	Free
483	256	822	400	14682	6	22	11	33	22	3	16282	Free
484	327	893	401	13062	2	18	14	36	22	3	14662	Free
485	351	995	402	13089	1	20	15	40	25	3	13489	Free
486	252	923	403	14579	2	23	11	37	26	3	14579	Free
487	401	946	404	14700	1	21	17	38	21	3	16700	Free
488	127	718	405	13062	2	18	6	29	23	3	14262	Free
489	277	945	406	13620	2	20	12	38	26	3	13620	Free
490	383	995	407	13774	8	20	16	40	24	3	14574	Free
491	381	923	408	14817	6	23	16	37	21	3	16817	Free
492	159	768	409	13548	9	18	7	31	24	3	14348	Free
493	427	993	410	13062	2	18	18	40	22	3	14662	Free
494	458	994	411	13408	8	19	19	40	21	3	15408	Free
495	278	944	412	13026	3	19	12	38	26	3	13026	Free
496	209	820	413	13140	9	20	9	33	24	3	13940	Free
497	204	747	414	14266	4	22	9	30	21	3	16266	Free
498	384	996	415	13225	9	21	16	40	24	3	14025	Free
499	129	793	416	13428	4	18	6	32	26	3	13428	Free
500	131	797	417	14682	6	22	6	32	26	3	14682	Free
501	351	945	418	13089	1	20	15	38	23	3	14289	Free
502	151	773	419	13355	1	23	7	31	24	3	14155	Free
503	453	992	420	14555	3	17	19	40	21	3	16555	Free
504	357	994	421	13339	7	19	15	40	25	3	13739	Free
505	379	972	422	14266	4	22	16	39	23	3	15466	Free
506	159	749	423	13886	9	24	7	30	23	3	15086	Free
507	227	817	424	13299	2	17	10	33	23	3	14499	Free
508	284	820	425	13140	9	20	12	33	21	3	15140	Free
509	280	817	426	13452	5	17	12	33	21	3	15452	Free
510	280	942	426	13452	5	17	12	38	26	3	13452	Free
511	309	948	427	14566	9	23	13	38	25	3	14966	Free
512	353	920	428	13922	3	20	15	37	22	3	15522	Free
513	32	675	429	13326	7	25	2	27	25	3	13726	Free
514	129	700	430	14312	4	25	6	28	22	3	15912	Free
515	305	868	431	13060	5	18	13	35	22	3	14660	Free
516	408	967	432	13295	8	17	17	39	22	3	14895	Free
517	309	894	433	14122	9	19	13	36	23	3	15322	Free
518	208	749	434	13286	8	24	9	30	21	3	15286	Free
519	207	867	435	13023	7	17	9	35	26	3	13023	Free
520	7	546	436	14387	7	21	1	22	21	3	16387	Free
521	359	946	437	13225	9	21	15	38	23	3	14425	Free
522	282	950	438	13326	7	25	12	38	26	3	13326	Free
523	406	967	439	13511	6	17	17	39	22	3	15111	Free
524	252	874	440	14998	2	24	11	35	24	3	15798	Free
525	282	898	441	14994	7	23	12	36	24	3	15794	Free
526	157	824	442	14702	7	24	7	33	26	3	14702	Free
527	129	795	443	14687	4	20	6	32	26	3	14687	Free
528	332	900	444	13326	7	25	14	36	22	3	14926	Free
529	231	773	445	14817	6	23	10	31	21	3	16817	Free
530	231	873	445	14817	6	23	10	35	25	3	15217	Free
531	130	717	446	13452	5	17	6	29	23	3	14652	Free
532	79	725	447	14312	4	25	4	29	25	3	14712	Free
533	176	767	448	14432	1	17	8	31	23	3	15632	Free
534	176	792	448	14432	1	17	8	32	24	3	15232	Free
535	377	993	449	13062	2	18	16	40	24	3	13862	Free
536	276	874	450	13912	1	24	12	35	23	3	15112	Free
537	177	742	451	13299	2	17	8	30	22	3	14899	Free
538	259	795	452	13140	9	20	11	32	21	3	15140	Free
539	157	749	453	14702	7	24	7	30	23	3	15902	Free
540	331	893	454	14903	6	18	14	36	22	3	16503	Free
541	427	994	455	13373	2	19	18	40	22	3	14973	Free
542	184	794	456	14122	9	19	8	32	24	3	14922	Free
543	279	944	457	14494	4	19	12	38	26	3	14494	Free
544	333	895	458	13774	8	20	14	36	22	3	15374	Free
545	333	870	458	13774	8	20	14	35	21	3	15774	Free
546	333	945	458	13774	8	20	14	38	24	3	14574	Free
547	109	723	459	14566	9	23	5	29	24	3	15366	Free
548	234	846	460	13225	9	21	10	34	24	3	14025	Free
549	126	698	461	13355	1	23	6	28	22	3	14955	Free
550	126	748	461	13355	1	23	6	30	24	3	14155	Free
551	80	618	462	13060	5	18	4	25	21	3	15060	Free
552	180	799	463	14686	5	24	8	32	24	3	15486	Free
553	433	968	464	13155	8	18	18	39	21	3	15155	Free
554	203	869	465	13026	3	19	9	35	26	3	13026	Free
555	128	675	466	14873	3	25	6	27	21	3	16873	Free
556	355	950	467	13151	5	25	15	38	23	3	14351	Free
557	355	925	467	13151	5	25	15	37	22	3	14751	Free
558	382	994	468	13339	7	19	16	40	24	3	14139	Free
559	358	924	469	13286	8	24	15	37	22	3	14886	Free
560	209	820	470	13140	9	20	9	33	24	3	13940	Free
561	281	897	471	14682	6	22	12	36	24	3	15482	Free
562	1	594	472	13869	1	19	1	24	23	3	15069	Free
563	1	569	472	13869	1	19	1	23	22	3	15469	Free
564	107	743	473	14075	7	18	5	30	25	3	14475	Free
565	107	718	473	14075	7	18	5	29	24	3	14875	Free
566	354	996	474	14710	4	21	15	40	25	3	15110	Free
567	108	775	475	13994	8	25	5	31	26	3	13994	Free
568	255	823	476	13068	5	23	11	33	22	3	14668	Free
569	284	942	477	14405	9	17	12	38	26	3	14405	Free
570	282	918	478	14075	7	18	12	37	25	3	14475	Free
571	306	868	479	14903	6	18	13	35	22	3	16503	Free
572	276	822	480	13375	1	22	12	33	21	3	15375	Free
573	276	872	480	13375	1	22	12	35	23	3	14575	Free
574	276	847	480	13375	1	22	12	34	22	3	14975	Free
575	254	893	481	13428	4	18	11	36	25	3	13828	Free
576	254	918	481	13428	4	18	11	37	26	3	13428	Free
577	327	968	482	13062	2	18	14	39	25	3	13462	Free
578	203	795	483	13922	3	20	9	32	23	3	15122	Free
579	8	597	484	13967	8	22	1	24	23	3	15167	Free
580	259	849	485	13886	9	24	11	34	23	3	15086	Free
581	77	642	486	13299	2	17	4	26	22	3	14899	Free
582	102	673	487	14579	2	23	5	27	22	3	16179	Free
583	8	598	488	13115	8	23	1	24	23	3	14315	Free
584	176	724	489	13912	1	24	8	29	21	3	15912	Free
585	127	717	490	13299	2	17	6	29	23	3	14499	Free
586	127	792	490	13299	2	17	6	32	26	3	13299	Free
587	276	946	491	14700	1	21	12	38	26	3	14700	Free
588	357	945	492	13835	7	20	15	38	23	3	15035	Free
589	376	967	493	14432	1	17	16	39	23	3	15632	Free
590	330	973	494	13068	5	23	14	39	25	3	13468	Free
591	258	923	495	13115	8	23	11	37	26	3	13115	Free
592	9	569	496	14122	9	19	1	23	22	3	15722	Free
593	105	720	497	13980	5	20	5	29	24	3	14780	Free
594	105	695	497	13980	5	20	5	28	23	3	15180	Free
595	352	968	498	13062	2	18	15	39	24	3	13862	Free
596	352	943	498	13062	2	18	15	38	23	3	14262	Free
597	131	697	499	14682	6	22	6	28	22	3	16282	Free
598	157	797	500	13887	7	22	7	32	25	3	14287	Free
599	376	944	501	13869	1	19	16	38	22	3	15469	Free
600	281	949	502	13614	6	24	12	38	26	3	13614	Free
601	308	873	503	13115	8	23	13	35	22	3	14715	Free
602	281	922	504	14682	6	22	12	37	25	3	15082	Free
603	355	895	505	13980	5	20	15	36	21	3	15980	Free
604	355	970	505	13980	5	20	15	39	24	3	14780	Free
605	52	675	506	13959	2	25	3	27	24	3	14759	Free
606	281	918	507	14903	6	18	12	37	25	3	15303	Free
607	454	995	508	14687	4	20	19	40	21	3	16687	Free
608	283	824	509	13286	8	24	12	33	21	3	15286	Free
609	129	743	510	13428	4	18	6	30	24	3	14228	Free
610	377	999	511	14998	2	24	16	40	24	3	15798	Free
611	281	942	512	13511	6	17	12	38	26	3	13511	Free
612	281	842	512	13511	6	17	12	34	22	3	15111	Free
613	281	867	512	13511	6	17	12	35	23	3	14711	Free
614	407	971	513	14387	7	21	17	39	22	3	15987	Free
615	427	969	514	13373	2	19	18	39	21	3	15373	Free
616	255	900	515	13151	5	25	11	36	25	3	13551	Free
617	57	622	516	13887	7	22	3	25	22	3	15487	Free
618	332	970	517	13835	7	20	14	39	25	3	14235	Free
619	307	848	518	14994	7	23	13	34	21	3	16994	Free
620	206	823	519	14817	6	23	9	33	24	3	15617	Free
621	206	773	519	14817	6	23	9	31	22	3	16417	Free
622	229	797	520	14266	4	22	10	32	22	3	15866	Free
623	303	872	521	14901	3	22	13	35	22	3	16501	Free
624	176	847	522	13375	1	22	8	34	26	3	13375	Free
625	251	819	523	13869	1	19	11	33	22	3	15469	Free
626	434	969	524	14122	9	19	18	39	21	3	16122	Free
627	306	868	525	14903	6	18	13	35	22	3	16503	Free
628	429	999	526	13282	4	24	18	40	22	3	14882	Free
629	201	846	527	14700	1	21	9	34	25	3	15100	Free
630	358	999	528	13286	8	24	15	40	25	3	13686	Free
631	127	773	529	14579	2	23	6	31	25	3	14979	Free
632	27	599	530	14998	2	24	2	24	22	3	16598	Free
633	228	821	531	14005	3	21	10	33	23	3	15205	Free
634	151	799	532	13912	1	24	7	32	25	3	14312	Free
635	204	825	533	14312	4	25	9	33	24	3	15112	Free
636	127	798	534	14579	2	23	6	32	26	3	14579	Free
637	81	748	535	14817	6	23	4	30	26	3	14817	Free
638	206	825	536	13119	6	25	9	33	24	3	13919	Free
639	59	648	537	14566	9	23	3	26	23	3	15766	Free
640	179	749	538	13282	4	24	8	30	22	3	14882	Free
641	179	799	538	13282	4	24	8	32	24	3	14082	Free
642	284	867	539	14405	9	17	12	35	23	3	15605	Free
643	303	843	540	13264	3	18	13	34	21	3	15264	Free
644	303	943	540	13264	3	18	13	38	25	3	13664	Free
645	303	918	540	13264	3	18	13	37	24	3	14064	Free
646	34	567	541	14405	9	17	2	23	21	3	16405	Free
647	377	942	542	13299	2	17	16	38	22	3	14899	Free
648	281	918	543	14903	6	18	12	37	25	3	15303	Free
649	255	793	544	13060	5	18	11	32	21	3	15060	Free
650	132	793	545	14075	7	18	6	32	26	3	14075	Free
651	351	897	546	13375	1	22	15	36	21	3	15375	Free
652	433	993	547	13155	8	18	18	40	22	3	14755	Free
653	403	972	548	14901	3	22	17	39	22	3	16501	Free
654	403	947	548	14901	3	22	17	38	21	3	16901	Free
655	377	975	549	13959	2	25	16	39	23	3	15159	Free
656	255	843	550	13060	5	18	11	34	23	3	14260	Free
657	77	617	551	13299	2	17	4	25	21	3	15299	Free
658	182	725	552	13326	7	25	8	29	21	3	15326	Free
659	76	622	553	13375	1	22	4	25	21	3	15375	Free
660	55	597	554	14738	5	22	3	24	21	3	16738	Free
661	329	992	555	13767	4	17	14	40	26	3	13767	Free
662	382	972	556	13887	7	22	16	39	23	3	15087	Free
663	408	971	557	13229	8	21	17	39	22	3	14829	Free
664	59	671	558	13225	9	21	3	27	24	3	14025	Free
665	254	895	559	14687	4	20	11	36	25	3	15087	Free
666	204	767	560	13767	4	17	9	31	22	3	15367	Free
667	204	845	561	14687	4	20	9	34	25	3	15087	Free
668	177	796	562	14931	2	21	8	32	24	3	15731	Free
669	177	821	562	14931	2	21	8	33	25	3	15331	Free
670	208	873	563	13115	8	23	9	35	26	3	13115	Free
671	30	671	564	13797	5	21	2	27	25	3	14197	Free
672	279	867	565	13767	4	17	12	35	23	3	14967	Free
673	279	867	566	13767	4	17	12	35	23	3	14967	Free
674	430	972	567	14738	5	22	18	39	21	3	16738	Free
675	26	697	568	13375	1	22	2	28	26	3	13375	Free
676	34	573	569	14566	9	23	2	23	21	3	16566	Free
677	179	848	570	14117	4	23	8	34	26	3	14117	Free
678	278	943	571	13264	3	18	12	38	26	3	13264	Free
679	278	818	571	13264	3	18	12	33	21	3	15264	Free
680	327	875	572	13959	2	25	14	35	21	3	15959	Free
681	376	942	573	14432	1	17	16	38	22	3	16032	Free
682	184	843	574	13548	9	18	8	34	26	3	13548	Free
683	259	797	575	13713	9	22	11	32	21	3	15713	Free
684	259	897	575	13713	9	22	11	36	25	3	14113	Free
685	107	644	576	13339	7	19	5	26	21	3	15339	Free
686	130	695	577	13980	5	20	6	28	22	3	15580	Free
687	208	825	578	13994	8	25	9	33	24	3	14794	Free
688	153	693	579	13264	3	18	7	28	21	3	15264	Free
689	407	993	580	14075	7	18	17	40	23	3	15275	Free
690	208	798	581	13115	8	23	9	32	23	3	14315	Free
691	232	871	582	14387	7	21	10	35	25	3	14787	Free
692	234	894	583	14122	9	19	10	36	26	3	14122	Free
693	234	769	583	14122	9	19	10	31	21	3	16122	Free
694	281	874	584	13614	6	24	12	35	23	3	14814	Free
695	284	896	585	13225	9	21	12	36	24	3	14025	Free
696	209	794	586	14122	9	19	9	32	23	3	15322	Free
697	203	799	587	14452	3	24	9	32	23	3	15652	Free
698	132	746	588	14387	7	21	6	30	24	3	15187	Free
699	132	721	588	14387	7	21	6	29	23	3	15587	Free
700	306	871	589	14904	6	21	13	35	22	3	16504	Free
701	428	971	590	14005	3	21	18	39	21	3	16005	Free
702	7	667	591	13023	7	17	1	27	26	3	13023	Free
703	359	967	592	14405	9	17	15	39	24	3	15205	Free
704	426	994	593	13869	1	19	18	40	22	3	15469	Free
705	357	998	594	14994	7	23	15	40	25	3	15394	Free
706	106	775	595	13119	6	25	5	31	26	3	13119	Free
707	129	745	596	14687	4	20	6	30	24	3	15487	Free
708	58	621	597	13229	8	21	3	25	22	3	14829	Free
709	302	892	598	13299	2	17	13	36	23	3	14499	Free
710	33	648	599	13115	8	23	2	26	24	3	13915	Free
711	107	642	600	13023	7	17	5	26	21	3	15023	Free
712	107	667	600	13023	7	17	5	27	22	3	14623	Free
713	156	749	601	13614	6	24	7	30	23	3	14814	Free
714	156	824	601	13614	6	24	7	33	26	3	13614	Free
715	107	723	602	14994	7	23	5	29	24	3	15794	Free
716	128	694	603	13026	3	19	6	28	22	3	14626	Free
717	258	870	604	13774	8	20	11	35	24	3	14574	Free
718	52	719	605	13373	2	19	3	29	26	3	13373	Free
719	152	744	606	13373	2	19	7	30	23	3	14573	Free
720	107	670	607	13835	7	20	5	27	22	3	15435	Free
721	33	624	608	13286	8	24	2	25	23	3	14486	Free
722	7	617	609	13023	7	17	1	25	24	3	13823	Free
723	182	770	610	13835	7	20	8	31	23	3	15035	Free
724	205	817	611	13452	5	17	9	33	24	3	14252	Free
725	205	767	611	13452	5	17	9	31	22	3	15052	Free
726	83	748	612	13115	8	23	4	30	26	3	13115	Free
727	277	844	613	13373	2	19	12	34	22	3	14973	Free
728	31	593	614	14903	6	18	2	24	22	3	16503	Free
729	279	873	615	14117	4	23	12	35	23	3	15317	Free
730	57	647	616	13887	7	22	3	26	23	3	15087	Free
731	202	746	617	14931	2	21	9	30	21	3	16931	Free
732	281	897	618	14682	6	22	12	36	24	3	15482	Free
733	281	947	618	14682	6	22	12	38	26	3	14682	Free
734	234	817	619	14405	9	17	10	33	23	3	15605	Free
735	131	721	620	14904	6	21	6	29	23	3	16104	Free
736	234	898	621	14566	9	23	10	36	26	3	14566	Free
737	101	649	622	13912	1	24	5	26	21	3	15912	Free
738	426	1000	623	13655	1	25	18	40	22	3	15255	Free
739	426	975	623	13655	1	25	18	39	21	3	15655	Free
740	105	694	624	14893	5	19	5	28	23	3	16093	Free
741	105	669	624	14893	5	19	5	27	22	3	16493	Free
742	307	919	625	13339	7	19	13	37	24	3	14139	Free
743	307	944	625	13339	7	19	13	38	25	3	13739	Free
744	79	649	626	13282	4	24	4	26	22	3	14882	Free
745	33	623	627	13115	8	23	2	25	23	3	14315	Free
746	429	993	628	13428	4	18	18	40	22	3	15028	Free
747	233	800	629	13994	8	25	10	32	22	3	15594	Free
748	104	744	630	14494	4	19	5	30	25	3	14894	Free
749	426	997	631	13375	1	22	18	40	22	3	14975	Free
750	304	923	632	14117	4	23	13	37	24	3	14917	Free
751	259	892	633	14405	9	17	11	36	25	3	14805	Free
752	1	623	634	13355	1	23	1	25	24	3	14155	Free
753	380	923	635	13068	5	23	16	37	21	3	15068	Free
754	378	972	636	14901	3	22	16	39	23	3	16101	Free
755	256	843	637	14903	6	18	11	34	23	3	16103	Free
756	133	743	638	13155	8	18	6	30	24	3	13955	Free
757	133	693	638	13155	8	18	6	28	22	3	14755	Free
758	283	892	639	13295	8	17	12	36	24	3	14095	Free
759	81	696	640	14904	6	21	4	28	24	3	15704	Free
760	81	671	640	14904	6	21	4	27	23	3	16104	Free
761	102	696	641	14931	2	21	5	28	23	3	16131	Free
762	102	771	641	14931	2	21	5	31	26	3	14931	Free
763	102	646	641	14931	2	21	5	26	21	3	16931	Free
764	178	768	642	13264	3	18	8	31	23	3	14464	Free
765	178	743	642	13264	3	18	8	30	22	3	14864	Free
766	56	600	643	13119	6	25	3	24	21	3	15119	Free
767	304	849	644	13282	4	24	13	34	21	3	15282	Free
768	128	718	645	13264	3	18	6	29	23	3	14464	Free
769	128	793	645	13264	3	18	6	32	26	3	13264	Free
770	358	969	646	13408	8	19	15	39	24	3	14208	Free
771	181	817	647	13511	6	17	8	33	25	3	13911	Free
772	134	771	648	13225	9	21	6	31	25	3	13625	Free
773	426	997	649	13375	1	22	18	40	22	3	14975	Free
774	152	745	650	13620	2	20	7	30	23	3	14820	Free
775	232	797	651	13887	7	22	10	32	22	3	15487	Free
776	382	924	652	14702	7	24	16	37	21	3	16702	Free
777	402	973	653	14579	2	23	17	39	22	3	16179	Free
778	402	998	653	14579	2	23	17	40	23	3	15779	Free
779	154	692	654	13767	4	17	7	28	21	3	15767	Free
780	154	717	654	13767	4	17	7	29	22	3	15367	Free
781	178	773	655	14916	3	23	8	31	23	3	16116	Free
782	434	995	656	13140	9	20	18	40	22	3	14740	Free
783	307	948	657	14994	7	23	13	38	25	3	15394	Free
784	7	568	658	14075	7	18	1	23	22	3	15675	Free
785	151	822	659	13375	1	22	7	33	26	3	13375	Free
786	2	545	660	13620	2	20	1	22	21	3	15620	Free
787	105	770	661	13980	5	20	5	31	26	3	13980	Free
788	83	620	662	13774	8	20	4	25	21	3	15774	Free
789	330	892	663	13452	5	17	14	36	22	3	15052	Free
790	232	900	664	13326	7	25	10	36	26	3	13326	Free
791	232	775	664	13326	7	25	10	31	21	3	15326	Free
792	134	725	665	14278	9	25	6	29	23	3	15478	Free
793	178	817	666	14555	3	17	8	33	25	3	14955	Free
794	178	767	666	14555	3	17	8	31	23	3	15755	Free
795	77	621	667	14931	2	21	4	25	21	3	16931	Free
796	429	997	668	14266	4	22	18	40	22	3	15866	Free
797	9	597	669	13713	9	22	1	24	23	3	14913	Free
798	9	672	669	13713	9	22	1	27	26	3	13713	Free
799	404	992	670	13767	4	17	17	40	23	3	14967	Free
800	404	942	670	13767	4	17	17	38	21	3	15767	Free
801	184	843	671	13548	9	18	8	34	26	3	13548	Free
802	203	821	672	14005	3	21	9	33	24	3	14805	Free
803	253	925	673	14873	3	25	11	37	26	3	14873	Free
804	253	900	673	14873	3	25	11	36	25	3	15273	Free
805	355	971	674	13797	5	21	15	39	24	3	14597	Free
806	130	698	675	13068	5	23	6	28	22	3	14668	Free
807	226	793	676	13840	1	18	10	32	22	3	15440	Free
808	251	897	677	13375	1	22	11	36	25	3	13775	Free
809	102	650	678	13959	2	25	5	26	21	3	15959	Free
810	251	871	679	14700	1	21	11	35	24	3	15500	Free
811	251	896	679	14700	1	21	11	36	25	3	15100	Free
812	7	650	680	13326	7	25	1	26	25	3	13726	Free
813	7	550	680	13326	7	25	1	22	21	3	15326	Free
814	76	695	681	13089	1	20	4	28	24	3	13889	Free
815	180	795	682	13980	5	20	8	32	24	3	14780	Free
816	302	850	683	13959	2	25	13	34	21	3	15959	Free
817	332	972	684	13887	7	22	14	39	25	3	14287	Free
818	332	947	684	13887	7	22	14	38	24	3	14687	Free
819	131	748	685	14817	6	23	6	30	24	3	15617	Free
820	82	646	686	14387	7	21	4	26	22	3	15987	Free
821	283	820	687	13774	8	20	12	33	21	3	15774	Free
822	126	694	688	13869	1	19	6	28	22	3	15469	Free
823	177	773	689	14579	2	23	8	31	23	3	15779	Free
824	177	748	689	14579	2	23	8	30	22	3	16179	Free
825	127	694	690	13373	2	19	6	28	22	3	14973	Free
826	27	623	691	14579	2	23	2	25	23	3	15779	Free
827	377	917	692	13299	2	17	16	37	21	3	15299	Free
828	409	948	693	14566	9	23	17	38	21	3	16566	Free
829	284	819	694	14122	9	19	12	33	21	3	16122	Free
830	284	844	694	14122	9	19	12	34	22	3	15722	Free
831	284	869	694	14122	9	19	12	35	23	3	15322	Free
832	8	620	695	13774	8	20	1	25	24	3	14574	Free
833	156	822	696	14682	6	22	7	33	26	3	14682	Free
834	203	792	697	14555	3	17	9	32	23	3	15755	Free
835	252	792	698	13299	2	17	11	32	21	3	15299	Free
836	429	975	699	14312	4	25	18	39	21	3	16312	Free
837	434	970	700	13140	9	20	18	39	21	3	15140	Free
838	106	721	701	14904	6	21	5	29	24	3	15704	Free
839	358	997	702	13967	8	22	15	40	25	3	14367	Free
840	358	972	702	13967	8	22	15	39	24	3	14767	Free
841	31	668	703	14903	6	18	2	27	25	3	15303	Free
842	101	646	704	14700	1	21	5	26	21	3	16700	Free
843	384	942	705	14405	9	17	16	38	22	3	16005	Free
844	159	746	706	13225	9	21	7	30	23	3	14425	Free
845	284	946	707	13225	9	21	12	38	26	3	13225	Free
846	284	921	707	13225	9	21	12	37	25	3	13625	Free
847	279	873	708	14117	4	23	12	35	23	3	15317	Free
848	256	818	709	14903	6	18	11	33	22	3	16503	Free
849	252	845	710	13620	2	20	11	34	23	3	14820	Free
850	176	822	711	13375	1	22	8	33	25	3	13775	Free
851	52	643	712	13062	2	18	3	26	23	3	14262	Free
852	52	593	712	13062	2	18	3	24	21	3	15062	Free
853	109	643	713	13548	9	18	5	26	21	3	15548	Free
854	109	668	713	13548	9	18	5	27	22	3	15148	Free
855	257	898	714	14994	7	23	11	36	25	3	15394	Free
856	354	925	715	14312	4	25	15	37	22	3	15912	Free
857	1	672	716	13375	1	22	1	27	26	3	13375	Free
858	434	998	717	14566	9	23	18	40	22	3	16166	Free
859	379	917	718	13767	4	17	16	37	21	3	15767	Free
860	259	797	719	13713	9	22	11	32	21	3	15713	Free
861	80	749	720	14686	5	24	4	30	26	3	14686	Free
862	79	749	721	13282	4	24	4	30	26	3	13282	Free
863	233	819	722	13408	8	19	10	33	23	3	14608	Free
864	159	771	723	13225	9	21	7	31	24	3	14025	Free
865	304	944	724	14494	4	19	13	38	25	3	14894	Free
866	205	769	725	14893	5	19	9	31	22	3	16493	Free
867	205	744	725	14893	5	19	9	30	21	3	16893	Free
868	383	919	726	13408	8	19	16	37	21	3	15408	Free
869	234	771	727	13225	9	21	10	31	21	3	15225	Free
870	234	821	727	13225	9	21	10	33	23	3	14425	Free
871	355	996	728	13797	5	21	15	40	25	3	14197	Free
872	107	767	729	13023	7	17	5	31	26	3	13023	Free
873	283	950	730	13994	8	25	12	38	26	3	13994	Free
874	277	946	731	14931	2	21	12	38	26	3	14931	Free
875	258	919	732	13408	8	19	11	37	26	3	13408	Free
876	258	844	732	13408	8	19	11	34	23	3	14608	Free
877	258	894	732	13408	8	19	11	36	25	3	13808	Free
878	258	819	732	13408	8	19	11	33	22	3	15008	Free
879	258	869	732	13408	8	19	11	35	24	3	14208	Free
880	78	645	733	13922	3	20	4	26	22	3	15522	Free
881	78	620	733	13922	3	20	4	25	21	3	15922	Free
882	326	973	734	13355	1	23	14	39	25	3	13755	Free
883	233	825	735	13994	8	25	10	33	23	3	15194	Free
884	158	742	736	13295	8	17	7	30	23	3	14495	Free
885	6	671	737	14904	6	21	1	27	26	3	14904	Free
886	355	968	738	13060	5	18	15	39	24	3	13860	Free
887	126	800	739	13655	1	25	6	32	26	3	13655	Free
888	407	945	740	13835	7	20	17	38	21	3	15835	Free
889	303	869	741	13026	3	19	13	35	22	3	14626	Free
890	179	845	742	14687	4	20	8	34	26	3	14687	Free
891	130	694	743	14893	5	19	6	28	22	3	16493	Free
892	53	646	744	14005	3	21	3	26	23	3	15205	Free
893	178	849	745	14452	3	24	8	34	26	3	14452	Free
894	31	668	746	14903	6	18	2	27	25	3	15303	Free
895	281	919	747	14790	6	19	12	37	25	3	15190	Free
896	457	997	748	13887	7	22	19	40	21	3	15887	Free
897	230	846	749	13797	5	21	10	34	24	3	14597	Free
898	127	693	750	13062	2	18	6	28	22	3	14662	Free
899	232	825	751	13326	7	25	10	33	23	3	14526	Free
900	284	922	752	13713	9	22	12	37	25	3	14113	Free
901	129	720	753	14687	4	20	6	29	23	3	15887	Free
902	59	624	754	13886	9	24	3	25	22	3	15486	Free
903	451	997	755	13375	1	22	19	40	21	3	15375	Free
904	159	821	756	13225	9	21	7	33	26	3	13225	Free
905	2	593	757	13062	2	18	1	24	23	3	14262	Free
906	2	624	758	14998	2	24	1	25	24	3	15798	Free
907	452	992	759	13299	2	17	19	40	21	3	15299	Free
908	326	946	760	14700	1	21	14	38	24	3	15500	Free
909	251	917	761	14432	1	17	11	37	26	3	14432	Free
910	155	793	762	13060	5	18	7	32	25	3	13460	Free
911	256	874	763	13614	6	24	11	35	24	3	14414	Free
912	101	696	764	14700	1	21	5	28	23	3	15900	Free
913	101	646	764	14700	1	21	5	26	21	3	16700	Free
914	31	700	765	13119	6	25	2	28	26	3	13119	Free
915	401	998	766	13355	1	23	17	40	23	3	14555	Free
916	458	998	767	13115	8	23	19	40	21	3	15115	Free
917	455	996	768	13797	5	21	19	40	21	3	15797	Free
918	353	899	769	14452	3	24	15	36	21	3	16452	Free
919	59	592	770	14405	9	17	3	24	21	3	16405	Free
920	59	667	770	14405	9	17	3	27	24	3	15205	Free
921	58	696	771	13229	8	21	3	28	25	3	13629	Free
922	101	675	772	13655	1	25	5	27	22	3	15255	Free
923	180	774	773	14686	5	24	8	31	23	3	15886	Free
924	232	792	774	13023	7	17	10	32	22	3	14623	Free
925	333	868	775	13155	8	18	14	35	21	3	15155	Free
926	5	595	776	13980	5	20	1	24	23	3	15180	Free
927	308	845	777	13774	8	20	13	34	21	3	15774	Free
928	207	846	778	14387	7	21	9	34	25	3	14787	Free
929	207	871	778	14387	7	21	9	35	26	3	14387	Free
930	308	944	779	13408	8	19	13	38	25	3	13808	Free
931	326	922	780	13375	1	22	14	37	23	3	14575	Free
932	26	692	781	14432	1	17	2	28	26	3	14432	Free
933	134	749	782	13886	9	24	6	30	24	3	14686	Free
934	356	948	783	14817	6	23	15	38	23	3	16017	Free
935	356	898	783	14817	6	23	15	36	21	3	16817	Free
936	27	671	784	14931	2	21	2	27	25	3	15331	Free
937	106	745	785	14140	6	20	5	30	25	3	14540	Free
938	33	694	786	13408	8	19	2	28	26	3	13408	Free
939	276	923	787	13355	1	23	12	37	25	3	13755	Free
940	276	823	787	13355	1	23	12	33	21	3	15355	Free
941	33	570	788	13774	8	20	2	23	21	3	15774	Free
942	326	997	789	13375	1	22	14	40	26	3	13375	Free
943	456	997	790	14682	6	22	19	40	21	3	16682	Free
944	278	947	791	14901	3	22	12	38	26	3	14901	Free
945	33	667	792	13295	8	17	2	27	25	3	13695	Free
946	357	971	793	14387	7	21	15	39	24	3	15187	Free
947	357	996	793	14387	7	21	15	40	25	3	14787	Free
948	432	993	794	14075	7	18	18	40	22	3	15675	Free
949	127	725	795	13959	2	25	6	29	23	3	15159	Free
950	433	973	796	13115	8	23	18	39	21	3	15115	Free
951	257	899	797	14702	7	24	11	36	25	3	15102	Free
952	79	667	798	13767	4	17	4	27	23	3	14967	Free
953	252	921	799	14931	2	21	11	37	26	3	14931	Free
954	201	767	800	14432	1	17	9	31	22	3	16032	Free
955	332	992	801	13023	7	17	14	40	26	3	13023	Free
956	127	719	802	13373	2	19	6	29	23	3	14573	Free
957	383	918	803	13155	8	18	16	37	21	3	15155	Free
958	181	792	804	13511	6	17	8	32	24	3	14311	Free
959	231	819	805	14790	6	19	10	33	23	3	15990	Free
960	231	869	805	14790	6	19	10	35	25	3	15190	Free
961	276	821	806	14700	1	21	12	33	21	3	16700	Free
962	328	924	807	14452	3	24	14	37	23	3	15652	Free
963	251	920	808	13089	1	20	11	37	26	3	13089	Free
964	251	895	808	13089	1	20	11	36	25	3	13489	Free
965	182	845	809	13835	7	20	8	34	26	3	13835	Free
966	158	819	810	13408	8	19	7	33	26	3	13408	Free
967	158	744	810	13408	8	19	7	30	23	3	14608	Free
968	158	769	810	13408	8	19	7	31	24	3	14208	Free
969	301	943	811	13840	1	18	13	38	25	3	14240	Free
970	176	823	812	13355	1	23	8	33	25	3	13755	Free
971	308	947	813	13967	8	22	13	38	25	3	14367	Free
972	308	847	813	13967	8	22	13	34	21	3	15967	Free
973	151	724	814	13912	1	24	7	29	22	3	15512	Free
974	279	898	815	14117	4	23	12	36	24	3	14917	Free
975	106	717	816	13511	6	17	5	29	24	3	14311	Free
976	106	692	816	13511	6	17	5	28	23	3	14711	Free
977	253	824	817	14452	3	24	11	33	22	3	16052	Free
978	379	950	818	14312	4	25	16	38	22	3	15912	Free
979	352	920	819	13620	2	20	15	37	22	3	15220	Free
980	303	974	820	14452	3	24	13	39	26	3	14452	Free
981	104	724	821	13282	4	24	5	29	24	3	14082	Free
982	301	872	822	13375	1	22	13	35	22	3	14975	Free
983	309	842	823	14405	9	17	13	34	21	3	16405	Free
984	131	725	824	13119	6	25	6	29	23	3	14319	Free
985	131	675	824	13119	6	25	6	27	21	3	15119	Free
986	130	674	825	14686	5	24	6	27	21	3	16686	Free
987	203	770	826	13922	3	20	9	31	22	3	15522	Free
988	181	822	827	14682	6	22	8	33	25	3	15082	Free
989	80	668	828	13060	5	18	4	27	23	3	14260	Free
990	33	693	829	13155	8	18	2	28	26	3	13155	Free
991	33	668	829	13155	8	18	2	27	25	3	13555	Free
992	159	767	830	14405	9	17	7	31	24	3	15205	Free
993	84	750	831	14278	9	25	4	30	26	3	14278	Free
994	356	924	832	13614	6	24	15	37	22	3	15214	Free
995	129	699	833	13282	4	24	6	28	22	3	14882	Free
996	232	824	834	14702	7	24	10	33	23	3	15902	Free
997	232	874	834	14702	7	24	10	35	25	3	15102	Free
998	357	971	835	14387	7	21	15	39	24	3	15187	Free
999	180	749	836	14686	5	24	8	30	22	3	16286	Free
1000	52	674	837	14998	2	24	3	27	24	3	15798	Free
1001	106	675	838	13119	6	25	5	27	22	3	14719	Free
1002	78	693	839	13264	3	18	4	28	24	3	14064	Free
1003	34	599	840	13886	9	24	2	24	22	3	15486	Free
1004	34	674	840	13886	9	24	2	27	25	3	14286	Free
1005	56	595	841	14140	6	20	3	24	21	3	16140	Free
1006	56	720	841	14140	6	20	3	29	26	3	14140	Free
1007	354	943	842	13428	4	18	15	38	23	3	14628	Free
1008	407	944	843	13339	7	19	17	38	21	3	15339	Free
1009	232	897	844	13887	7	22	10	36	26	3	13887	Free
1010	232	822	844	13887	7	22	10	33	23	3	15087	Free
1011	454	992	845	13767	4	17	19	40	21	3	15767	Free
1012	205	767	846	13452	5	17	9	31	22	3	15052	Free
1013	254	897	847	14266	4	22	11	36	25	3	14666	Free
1014	203	769	848	13026	3	19	9	31	22	3	14626	Free
1015	203	819	848	13026	3	19	9	33	24	3	13826	Free
1016	106	698	849	14817	6	23	5	28	23	3	16017	Free
1017	277	844	850	13373	2	19	12	34	22	3	14973	Free
1018	426	970	851	13089	1	20	18	39	21	3	15089	Free
1019	109	697	852	13713	9	22	5	28	23	3	14913	Free
1020	205	747	853	14738	5	22	9	30	21	3	16738	Free
1021	305	970	854	13980	5	20	13	39	26	3	13980	Free
1022	307	867	855	13023	7	17	13	35	22	3	14623	Free
1023	307	942	855	13023	7	17	13	38	25	3	13423	Free
1024	4	549	856	13282	4	24	1	22	21	3	15282	Free
1025	4	624	856	13282	4	24	1	25	24	3	14082	Free
1026	280	942	857	13452	5	17	12	38	26	3	13452	Free
1027	306	844	858	14790	6	19	13	34	21	3	16790	Free
1028	306	894	858	14790	6	19	13	36	23	3	15990	Free
1029	277	948	859	14579	2	23	12	38	26	3	14579	Free
1030	183	722	860	13967	8	22	8	29	21	3	15967	Free
1031	52	721	861	14931	2	21	3	29	26	3	14931	Free
1032	333	867	862	13295	8	17	14	35	21	3	15295	Free
1033	155	724	863	14686	5	24	7	29	22	3	16286	Free
1034	309	917	864	14405	9	17	13	37	24	3	15205	Free
1035	154	699	865	13282	4	24	7	28	21	3	15282	Free
1036	154	724	865	13282	4	24	7	29	22	3	14882	Free
1037	458	992	866	13295	8	17	19	40	21	3	15295	Free
1038	54	672	867	14266	4	22	3	27	24	3	15066	Free
1039	81	667	868	13511	6	17	4	27	23	3	14711	Free
1040	326	900	869	13655	1	25	14	36	22	3	15255	Free
1041	405	946	870	13797	5	21	17	38	21	3	15797	Free
1042	253	823	871	14916	3	23	11	33	22	3	16516	Free
1043	309	919	872	14122	9	19	13	37	24	3	14922	Free
1044	328	950	873	14873	3	25	14	38	24	3	15673	Free
1045	57	595	874	13835	7	20	3	24	21	3	15835	Free
1046	9	619	875	14122	9	19	1	25	24	3	14922	Free
1047	303	950	876	14873	3	25	13	38	25	3	15273	Free
1048	377	975	877	13959	2	25	16	39	23	3	15159	Free
1049	378	996	878	14005	3	21	16	40	24	3	14805	Free
1050	254	792	879	13767	4	17	11	32	21	3	15767	Free
1051	254	892	879	13767	4	17	11	36	25	3	14167	Free
1052	183	844	880	13408	8	19	8	34	26	3	13408	Free
1053	6	667	881	13511	6	17	1	27	26	3	13511	Free
1054	6	592	881	13511	6	17	1	24	23	3	14711	Free
1055	357	995	882	13835	7	20	15	40	25	3	14235	Free
1056	128	700	883	14873	3	25	6	28	22	3	16473	Free
1057	258	872	884	13967	8	22	11	35	24	3	14767	Free
1058	33	600	885	13994	8	25	2	24	22	3	15594	Free
1059	54	717	886	13767	4	17	3	29	26	3	13767	Free
1060	181	742	887	13511	6	17	8	30	22	3	15111	Free
1061	181	792	887	13511	6	17	8	32	24	3	14311	Free
1062	381	943	888	14903	6	18	16	38	22	3	16503	Free
1063	209	872	889	13713	9	22	9	35	26	3	13713	Free
1064	259	917	890	14405	9	17	11	37	26	3	14405	Free
1065	381	948	891	14817	6	23	16	38	22	3	16417	Free
1066	130	767	892	13452	5	17	6	31	25	3	13852	Free
1067	130	742	892	13452	5	17	6	30	24	3	14252	Free
1068	205	823	893	13068	5	23	9	33	24	3	13868	Free
1069	333	972	894	13967	8	22	14	39	25	3	14367	Free
1070	107	769	895	13339	7	19	5	31	26	3	13339	Free
1071	205	769	896	14893	5	19	9	31	22	3	16493	Free
1072	184	745	897	13140	9	20	8	30	22	3	14740	Free
1073	104	743	898	13428	4	18	5	30	25	3	13828	Free
1074	31	623	899	14817	6	23	2	25	23	3	16017	Free
1075	228	797	900	14901	3	22	10	32	22	3	16501	Free
1076	353	944	901	13026	3	19	15	38	23	3	14226	Free
1077	353	894	901	13026	3	19	15	36	21	3	15026	Free
1078	28	698	902	14916	3	23	2	28	26	3	14916	Free
1079	307	842	903	13023	7	17	13	34	21	3	15023	Free
1080	27	597	904	14927	2	22	2	24	22	3	16527	Free
1081	152	694	905	13373	2	19	7	28	21	3	15373	Free
1082	227	800	906	13959	2	25	10	32	22	3	15559	Free
1083	309	874	907	13886	9	24	13	35	22	3	15486	Free
1084	109	717	908	14405	9	17	5	29	24	3	15205	Free
1085	427	997	909	14927	2	22	18	40	22	3	16527	Free
1086	281	822	910	14682	6	22	12	33	21	3	16682	Free
1087	281	897	910	14682	6	22	12	36	24	3	15482	Free
1088	4	618	911	13428	4	18	1	25	24	3	14228	Free
1089	177	845	912	13620	2	20	8	34	26	3	13620	Free
1090	355	895	913	13980	5	20	15	36	21	3	15980	Free
1091	57	675	914	13326	7	25	3	27	24	3	14126	Free
1092	181	768	915	14903	6	18	8	31	23	3	16103	Free
1093	132	698	916	14994	7	23	6	28	22	3	16594	Free
1094	132	673	916	14994	7	23	6	27	21	3	16994	Free
1095	331	899	917	13614	6	24	14	36	22	3	15214	Free
1096	331	924	917	13614	6	24	14	37	23	3	14814	Free
1097	52	725	918	13959	2	25	3	29	26	3	13959	Free
1098	156	725	919	13119	6	25	7	29	22	3	14719	Free
1099	53	675	920	14873	3	25	3	27	24	3	15673	Free
1100	327	967	921	13299	2	17	14	39	25	3	13699	Free
1101	207	794	922	13339	7	19	9	32	23	3	14539	Free
1102	404	943	923	13428	4	18	17	38	21	3	15428	Free
1103	132	793	924	14075	7	18	6	32	26	3	14075	Free
1104	30	567	925	13452	5	17	2	23	21	3	15452	Free
1105	31	693	926	14903	6	18	2	28	26	3	14903	Free
1106	56	697	927	14682	6	22	3	28	25	3	15082	Free
1107	402	972	928	14927	2	22	17	39	22	3	16527	Free
1108	402	947	928	14927	2	22	17	38	21	3	16927	Free
1109	28	668	929	13264	3	18	2	27	25	3	13664	Free
1110	8	544	930	13408	8	19	1	22	21	3	15408	Free
1111	103	696	931	14005	3	21	5	28	23	3	15205	Free
1112	179	800	932	14312	4	25	8	32	24	3	15112	Free
1113	84	646	933	13225	9	21	4	26	22	3	14825	Free
1114	84	671	933	13225	9	21	4	27	23	3	14425	Free
1115	457	992	934	13023	7	17	19	40	21	3	15023	Free
1116	206	842	935	13511	6	17	9	34	25	3	13911	Free
1117	206	742	935	13511	6	17	9	30	21	3	15511	Free
1118	83	671	936	13229	8	21	4	27	23	3	14429	Free
1119	28	695	937	13922	3	20	2	28	26	3	13922	Free
1120	28	595	937	13922	3	20	2	24	22	3	15522	Free
1121	351	924	938	13912	1	24	15	37	22	3	15512	Free
1122	102	721	939	14931	2	21	5	29	24	3	15731	Free
1123	108	674	940	13286	8	24	5	27	22	3	14886	Free
1124	228	773	941	14916	3	23	10	31	21	3	16916	Free
1125	228	798	941	14916	3	23	10	32	22	3	16516	Free
1126	84	620	942	13140	9	20	4	25	21	3	15140	Free
1127	101	696	943	14700	1	21	5	28	23	3	15900	Free
1128	382	968	944	14075	7	18	16	39	23	3	15275	Free
1129	105	743	945	13060	5	18	5	30	25	3	13460	Free
1130	105	750	946	13151	5	25	5	30	25	3	13551	Free
1131	105	675	946	13151	5	25	5	27	22	3	14751	Free
1132	378	975	947	14873	3	25	16	39	23	3	16073	Free
1133	378	925	947	14873	3	25	16	37	21	3	16873	Free
1134	53	669	948	13026	3	19	3	27	24	3	13826	Free
1135	105	668	949	13060	5	18	5	27	22	3	14660	Free
1136	129	667	950	13767	4	17	6	27	21	3	15767	Free
1137	159	695	951	13140	9	20	7	28	21	3	15140	Free
1138	159	795	951	13140	9	20	7	32	25	3	13540	Free
1139	101	718	952	13840	1	18	5	29	24	3	14640	Free
1140	101	750	953	13655	1	25	5	30	25	3	14055	Free
1141	382	942	954	13023	7	17	16	38	22	3	14623	Free
1142	259	873	955	14566	9	23	11	35	24	3	15366	Free
1143	277	924	956	14998	2	24	12	37	25	3	15398	Free
1144	1	672	957	13375	1	22	1	27	26	3	13375	Free
1145	105	744	958	14893	5	19	5	30	25	3	15293	Free
1146	1	544	959	13869	1	19	1	22	21	3	15869	Free
1147	379	948	960	14117	4	23	16	38	22	3	15717	Free
1148	379	923	960	14117	4	23	16	37	21	3	16117	Free
1149	432	972	961	13887	7	22	18	39	21	3	15887	Free
1150	128	771	962	14005	3	21	6	31	25	3	14405	Free
1151	227	767	963	13299	2	17	10	31	21	3	15299	Free
1152	303	942	964	14555	3	17	13	38	25	3	14955	Free
1153	78	749	965	14452	3	24	4	30	26	3	14452	Free
1154	457	997	966	13887	7	22	19	40	21	3	15887	Free
1155	382	994	967	13339	7	19	16	40	24	3	14139	Free
1156	382	969	967	13339	7	19	16	39	23	3	14539	Free
1157	376	970	968	13089	1	20	16	39	23	3	14289	Free
1158	376	920	968	13089	1	20	16	37	21	3	15089	Free
1159	406	994	969	14790	6	19	17	40	23	3	15990	Free
1160	176	774	970	13912	1	24	8	31	23	3	15112	Free
1161	176	799	970	13912	1	24	8	32	24	3	14712	Free
1162	208	769	971	13408	8	19	9	31	22	3	15008	Free
1163	176	717	972	14432	1	17	8	29	21	3	16432	Free
1164	404	999	973	13282	4	24	17	40	23	3	14482	Free
1165	308	942	974	13295	8	17	13	38	25	3	13695	Free
1166	255	898	975	13068	5	23	11	36	25	3	13468	Free
1167	255	923	975	13068	5	23	11	37	26	3	13068	Free
1168	205	845	976	13980	5	20	9	34	25	3	14380	Free
1169	205	795	976	13980	5	20	9	32	23	3	15180	Free
1170	52	718	977	13062	2	18	3	29	26	3	13062	Free
1171	303	892	978	14555	3	17	13	36	23	3	15755	Free
1172	27	646	979	14931	2	21	2	26	24	3	15731	Free
1173	284	822	980	13713	9	22	12	33	21	3	15713	Free
1174	355	993	981	13060	5	18	15	40	25	3	13460	Free
1175	158	774	982	13286	8	24	7	31	24	3	14086	Free
1176	156	771	983	14904	6	21	7	31	24	3	15704	Free
1177	79	698	984	14117	4	23	4	28	24	3	14917	Free
1178	156	820	985	14140	6	20	7	33	26	3	14140	Free
1179	156	720	985	14140	6	20	7	29	22	3	15740	Free
1180	401	974	986	13912	1	24	17	39	22	3	15512	Free
1181	78	723	987	14916	3	23	4	29	25	3	15316	Free
1182	202	875	988	13959	2	25	9	35	26	3	13959	Free
1183	406	971	989	14904	6	21	17	39	22	3	16504	Free
1184	359	973	990	14566	9	23	15	39	24	3	15366	Free
1185	283	922	991	13967	8	22	12	37	25	3	14367	Free
1186	284	921	992	13225	9	21	12	37	25	3	13625	Free
1187	301	967	993	14432	1	17	13	39	26	3	14432	Free
1188	6	624	994	13614	6	24	1	25	24	3	14414	Free
1189	252	897	995	14927	2	22	11	36	25	3	15327	Free
1190	252	922	995	14927	2	22	11	37	26	3	14927	Free
1191	426	970	996	13089	1	20	18	39	21	3	15089	Free
1192	155	718	997	13060	5	18	7	29	22	3	14660	Free
1193	56	646	998	14904	6	21	3	26	23	3	16104	Free
1194	233	822	999	13967	8	22	10	33	23	3	15167	Free
1195	105	748	1000	13068	5	23	5	30	25	3	13468	Free
