#Container_ID	Start_Node_ID	End_Node_ID	Order	Bottom Price	From	To	Release time	Due time	Expected transport time	Priority	Bid price	Transport Together?
1	126	574	1	13912	1	24	6	23	17	5	15112	Yes
2	481	970	2	14140	6	20	20	39	19	5	14540	Yes
3	232	619	3	13339	7	19	10	25	15	5	15339	Yes
4	402	893	4	13062	2	18	17	36	19	5	13462	Yes
5	402	793	4	13062	2	18	17	32	15	5	15062	Yes
6	9	395	5	13140	9	20	1	16	15	5	15140	Yes
7	9	495	5	13140	9	20	1	20	19	5	13540	Yes
8	533	922	6	13967	8	22	22	37	15	5	15967	Yes
9	32	499	7	14702	7	24	2	20	18	5	15502	Yes
10	129	571	8	14710	4	21	6	23	17	5	15910	Yes
11	4	496	9	14710	4	21	1	20	19	5	15110	Yes
12	333	746	10	13229	8	21	14	30	16	5	14829	Yes
13	282	722	11	13887	7	22	12	29	17	5	15087	Yes
14	333	822	12	13967	8	22	14	33	19	5	14367	Yes
15	203	667	13	14555	3	17	9	27	18	5	15355	Yes
16	203	692	13	14555	3	17	9	28	19	5	14955	Yes
17	178	696	14	14005	3	21	8	28	20	5	14005	Yes
18	178	596	14	14005	3	21	8	24	16	5	15605	Yes
19	80	496	15	13797	5	21	4	20	16	5	15397	Yes
20	80	471	15	13797	5	21	4	19	15	5	15797	Yes
21	280	774	16	14686	5	24	12	31	19	5	15086	Yes
22	280	699	16	14686	5	24	12	28	16	5	16286	Yes
23	479	970	17	14687	4	20	20	39	19	5	15087	Yes
24	479	920	17	14687	4	20	20	37	17	5	15887	Yes
25	479	895	17	14687	4	20	20	36	16	5	16287	Yes
26	304	773	18	14117	4	23	13	31	18	5	14917	Yes
27	576	972	19	13375	1	22	24	39	15	5	15375	Yes
28	558	999	20	13286	8	24	23	40	17	5	14486	Yes
29	434	917	21	14405	9	17	18	37	19	5	14805	Yes
30	483	971	22	13229	8	21	20	39	19	5	13629	Yes
31	483	896	22	13229	8	21	20	36	16	5	14829	Yes
32	152	550	23	13959	2	25	7	22	15	5	15959	Yes
33	431	942	24	13511	6	17	18	38	20	5	13511	Yes
34	456	969	25	14790	6	19	19	39	20	5	14790	Yes
35	456	894	25	14790	6	19	19	36	17	5	15990	Yes
36	208	721	26	13229	8	21	9	29	20	5	13229	Yes
37	377	893	27	13062	2	18	16	36	20	5	13062	Yes
38	377	896	28	14931	2	21	16	36	20	5	14931	Yes
39	328	725	29	14873	3	25	14	29	15	5	16873	Yes
40	328	800	29	14873	3	25	14	32	18	5	15673	Yes
41	356	799	30	13614	6	24	15	32	17	5	14814	Yes
42	356	849	30	13614	6	24	15	34	19	5	14014	Yes
43	129	550	31	14312	4	25	6	22	16	5	15912	Yes
44	434	842	32	14405	9	17	18	34	16	5	16005	Yes
45	557	971	33	14387	7	21	23	39	16	5	15987	Yes
46	531	946	34	14904	6	21	22	38	16	5	16504	Yes
47	52	494	35	13373	2	19	3	20	17	5	14573	Yes
48	332	794	36	13339	7	19	14	32	18	5	14139	Yes
49	259	722	37	13713	9	22	11	29	18	5	14513	Yes
50	259	647	37	13713	9	22	11	26	15	5	15713	Yes
51	254	674	38	13282	4	24	11	27	16	5	14882	Yes
52	176	624	39	13912	1	24	8	25	17	5	15112	Yes
53	176	649	39	13912	1	24	8	26	18	5	14712	Yes
54	329	747	40	14266	4	22	14	30	16	5	15866	Yes
55	7	447	41	13887	7	22	1	18	17	5	15087	Yes
56	182	696	42	14387	7	21	8	28	20	5	14387	Yes
57	534	998	43	14566	9	23	22	40	18	5	15366	Yes
58	356	870	44	14140	6	20	15	35	20	5	14140	Yes
59	356	770	44	14140	6	20	15	31	16	5	15740	Yes
60	255	699	45	14686	5	24	11	28	17	5	15886	Yes
61	233	744	46	13408	8	19	10	30	20	5	13408	Yes
62	233	694	46	13408	8	19	10	28	18	5	14208	Yes
63	30	499	47	14686	5	24	2	20	18	5	15486	Yes
64	30	449	47	14686	5	24	2	18	16	5	16286	Yes
65	482	993	48	14075	7	18	20	40	20	5	14075	Yes
66	482	943	48	14075	7	18	20	38	18	5	14875	Yes
67	381	850	49	13119	6	25	16	34	18	5	13919	Yes
68	376	873	50	13355	1	23	16	35	19	5	13755	Yes
69	484	949	51	13886	9	24	20	38	18	5	14686	Yes
70	305	772	52	14738	5	22	13	31	18	5	15538	Yes
71	177	646	53	14931	2	21	8	26	18	5	15731	Yes
72	501	994	54	13869	1	19	21	40	19	5	14269	Yes
73	209	672	55	13713	9	22	9	27	18	5	14513	Yes
74	78	574	56	14452	3	24	4	23	19	5	14852	Yes
75	608	992	57	13295	8	17	25	40	15	5	15295	Yes
76	57	572	58	13887	7	22	3	23	20	5	13887	Yes
77	57	447	58	13887	7	22	3	18	15	5	15887	Yes
78	406	922	59	14682	6	22	17	37	20	5	14682	Yes
79	431	847	60	14682	6	22	18	34	16	5	16282	Yes
80	259	743	61	13548	9	18	11	30	19	5	13948	Yes
81	51	472	62	13375	1	22	3	19	16	5	14975	Yes
82	276	694	63	13869	1	19	12	28	16	5	15469	Yes
83	280	773	64	13068	5	23	12	31	19	5	13468	Yes
84	280	723	64	13068	5	23	12	29	17	5	14268	Yes
85	408	893	65	13155	8	18	17	36	19	5	13555	Yes
86	481	972	66	14682	6	22	20	39	19	5	15082	Yes
87	127	518	67	13062	2	18	6	21	15	5	15062	Yes
88	434	842	68	14405	9	17	18	34	16	5	16005	Yes
89	434	917	68	14405	9	17	18	37	19	5	14805	Yes
90	1	421	69	14700	1	21	1	17	16	5	16300	Yes
91	378	900	70	14873	3	25	16	36	20	5	14873	Yes
92	301	817	71	14432	1	17	13	33	20	5	14432	Yes
93	301	717	71	14432	1	17	13	29	16	5	16032	Yes
94	358	746	72	13229	8	21	15	30	15	5	15229	Yes
95	580	998	73	13068	5	23	24	40	16	5	14668	Yes
96	29	425	74	14312	4	25	2	17	15	5	16312	Yes
97	557	992	75	13023	7	17	23	40	17	5	14223	Yes
98	283	799	76	13286	8	24	12	32	20	5	13286	Yes
99	330	720	77	13980	5	20	14	29	15	5	15980	Yes
100	330	770	77	13980	5	20	14	31	17	5	15180	Yes
101	159	596	78	13225	9	21	7	24	17	5	14425	Yes
102	455	892	79	13452	5	17	19	36	17	5	14652	Yes
103	182	599	80	14702	7	24	8	24	16	5	16302	Yes
104	182	624	80	14702	7	24	8	25	17	5	15902	Yes
105	256	672	81	14682	6	22	11	27	16	5	16282	Yes
106	103	595	82	13922	3	20	5	24	19	5	14322	Yes
107	103	570	82	13922	3	20	5	23	18	5	14722	Yes
108	28	449	83	14452	3	24	2	18	16	5	16052	Yes
109	358	750	84	13994	8	25	15	30	15	5	15994	Yes
110	353	768	85	13264	3	18	15	31	16	5	14864	Yes
111	380	792	86	13452	5	17	16	32	16	5	15052	Yes
112	380	867	86	13452	5	17	16	35	19	5	13852	Yes
113	380	767	86	13452	5	17	16	31	15	5	15452	Yes
114	153	599	87	14452	3	24	7	24	17	5	15652	Yes
115	184	618	88	13548	9	18	8	25	17	5	14748	Yes
116	6	522	89	14682	6	22	1	21	20	5	14682	Yes
117	458	848	90	13115	8	23	19	34	15	5	15115	Yes
118	427	823	91	14579	2	23	18	33	15	5	16579	Yes
119	57	443	92	14075	7	18	3	18	15	5	16075	Yes
120	455	971	93	13797	5	21	19	39	20	5	13797	Yes
121	455	871	93	13797	5	21	19	35	16	5	15397	Yes
122	402	844	94	13373	2	19	17	34	17	5	14573	Yes
123	532	917	95	13023	7	17	22	37	15	5	15023	Yes
124	58	468	96	13155	8	18	3	19	16	5	14755	Yes
125	27	444	97	13373	2	19	2	18	16	5	14973	Yes
126	504	973	98	14117	4	23	21	39	18	5	14917	Yes
127	504	898	98	14117	4	23	21	36	15	5	16117	Yes
128	452	968	99	13062	2	18	19	39	20	5	13062	Yes
129	307	767	100	13023	7	17	13	31	18	5	13823	Yes
130	284	770	101	13140	9	20	12	31	19	5	13540	Yes
131	434	899	102	13886	9	24	18	36	18	5	14686	Yes
132	434	924	102	13886	9	24	18	37	19	5	14286	Yes
133	452	924	103	14998	2	24	19	37	18	5	15798	Yes
134	459	848	104	14566	9	23	19	34	15	5	16566	Yes
135	580	972	105	14738	5	22	24	39	15	5	16738	Yes
136	453	848	106	14916	3	23	19	34	15	5	16916	Yes
137	331	823	107	14817	6	23	14	33	19	5	15217	Yes
138	208	692	108	13295	8	17	9	28	19	5	13695	Yes
139	232	618	109	14075	7	18	10	25	15	5	16075	Yes
140	558	975	110	13994	8	25	23	39	16	5	15594	Yes
141	558	950	110	13994	8	25	23	38	15	5	15994	Yes
142	327	718	111	13062	2	18	14	29	15	5	15062	Yes
143	255	767	112	13452	5	17	11	31	20	5	13452	Yes
144	531	942	113	13511	6	17	22	38	16	5	15111	Yes
145	301	822	114	13375	1	22	13	33	20	5	13375	Yes
146	182	624	115	14702	7	24	8	25	17	5	15902	Yes
147	434	924	116	13886	9	24	18	37	19	5	14286	Yes
148	204	617	117	13767	4	17	9	25	16	5	15367	Yes
149	458	892	118	13295	8	17	19	36	17	5	14495	Yes
150	228	722	119	14901	3	22	10	29	19	5	15301	Yes
151	282	742	120	13023	7	17	12	30	18	5	13823	Yes
152	282	667	120	13023	7	17	12	27	15	5	15023	Yes
153	482	993	121	14075	7	18	20	40	20	5	14075	Yes
154	482	968	121	14075	7	18	20	39	19	5	14475	Yes
155	477	900	122	13959	2	25	20	36	16	5	15559	Yes
156	477	950	122	13959	2	25	20	38	18	5	14759	Yes
157	579	998	123	14117	4	23	24	40	16	5	15717	Yes
158	503	975	124	14873	3	25	21	39	18	5	15673	Yes
159	503	950	124	14873	3	25	21	38	17	5	16073	Yes
160	454	896	125	14710	4	21	19	36	17	5	15910	Yes
161	454	871	125	14710	4	21	19	35	16	5	16310	Yes
162	227	720	126	13620	2	20	10	29	19	5	14020	Yes
163	133	648	127	13115	8	23	6	26	20	5	13115	Yes
164	429	867	128	13767	4	17	18	35	17	5	14967	Yes
165	355	824	129	14686	5	24	15	33	18	5	15486	Yes
166	507	949	130	14702	7	24	21	38	17	5	15902	Yes
167	3	447	131	14901	3	22	1	18	17	5	16101	Yes
168	480	999	132	14686	5	24	20	40	20	5	14686	Yes
169	480	974	132	14686	5	24	20	39	19	5	15086	Yes
170	455	971	133	13797	5	21	19	39	20	5	13797	Yes
171	280	692	134	13452	5	17	12	28	16	5	15052	Yes
172	354	844	135	14494	4	19	15	34	19	5	14894	Yes
173	354	869	135	14494	4	19	15	35	20	5	14494	Yes
174	84	571	136	13225	9	21	4	23	19	5	13625	Yes
175	84	471	136	13225	9	21	4	19	15	5	15225	Yes
176	84	495	137	13140	9	20	4	20	16	5	14740	Yes
177	281	671	138	14904	6	21	12	27	15	5	16904	Yes
178	183	695	139	13774	8	20	8	28	20	5	13774	Yes
179	56	524	140	13614	6	24	3	21	18	5	14414	Yes
180	7	517	141	13023	7	17	1	21	20	5	13023	Yes
181	29	545	142	14687	4	20	2	22	20	5	14687	Yes
182	305	700	143	13151	5	25	13	28	15	5	15151	Yes
183	528	950	144	14873	3	25	22	38	16	5	16473	Yes
184	83	594	145	13408	8	19	4	24	20	5	13408	Yes
185	83	494	145	13408	8	19	4	20	16	5	15008	Yes
186	528	924	146	14452	3	24	22	37	15	5	16452	Yes
187	408	847	147	13967	8	22	17	34	17	5	15167	Yes
188	59	493	148	13548	9	18	3	20	17	5	14748	Yes
189	253	749	149	14452	3	24	11	30	19	5	14852	Yes
190	280	670	150	13980	5	20	12	27	15	5	15980	Yes
191	609	995	151	13140	9	20	25	40	15	5	15140	Yes
192	229	748	152	14117	4	23	10	30	20	5	14117	Yes
193	354	874	153	13282	4	24	15	35	20	5	13282	Yes
194	153	550	154	14873	3	25	7	22	15	5	16873	Yes
195	503	950	155	14873	3	25	21	38	17	5	16073	Yes
196	84	525	156	14278	9	25	4	21	17	5	15478	Yes
197	133	598	157	13115	8	23	6	24	18	5	13915	Yes
198	205	647	158	14738	5	22	9	26	17	5	15938	Yes
199	30	525	159	13151	5	25	2	21	19	5	13551	Yes
200	176	624	160	13912	1	24	8	25	17	5	15112	Yes
201	56	448	161	14817	6	23	3	18	15	5	16817	Yes
202	4	420	162	14687	4	20	1	17	16	5	16287	Yes
203	226	618	163	13840	1	18	10	25	15	5	15840	Yes
204	259	699	164	13886	9	24	11	28	17	5	15086	Yes
205	481	948	165	14817	6	23	20	38	18	5	15617	Yes
206	481	973	165	14817	6	23	20	39	19	5	15217	Yes
207	259	699	166	13886	9	24	11	28	17	5	15086	Yes
208	528	949	167	14452	3	24	22	38	16	5	16052	Yes
209	528	974	167	14452	3	24	22	39	17	5	15652	Yes
210	379	872	168	14266	4	22	16	35	19	5	14666	Yes
211	251	775	169	13655	1	25	11	31	20	5	13655	Yes
212	484	874	170	13886	9	24	20	35	15	5	15886	Yes
213	484	949	170	13886	9	24	20	38	18	5	14686	Yes
214	526	947	171	13375	1	22	22	38	16	5	14975	Yes
215	456	918	172	14903	6	18	19	37	18	5	15703	Yes
216	456	968	172	14903	6	18	19	39	20	5	14903	Yes
217	409	918	173	13548	9	18	17	37	20	5	13548	Yes
218	409	868	173	13548	9	18	17	35	18	5	14348	Yes
219	502	899	174	14998	2	24	21	36	15	5	16998	Yes
220	502	974	174	14998	2	24	21	39	18	5	15798	Yes
221	559	995	175	13140	9	20	23	40	17	5	14340	Yes
222	279	700	176	14312	4	25	12	28	16	5	15912	Yes
223	130	522	177	14738	5	22	6	21	15	5	16738	Yes
224	430	850	178	13151	5	25	18	34	16	5	14751	Yes
225	402	875	179	13959	2	25	17	35	18	5	14759	Yes
226	402	850	179	13959	2	25	17	34	17	5	15159	Yes
227	254	742	180	13767	4	17	11	30	19	5	14167	Yes
228	254	767	180	13767	4	17	11	31	20	5	13767	Yes
229	251	746	181	14700	1	21	11	30	19	5	15100	Yes
230	107	567	182	13023	7	17	5	23	18	5	13823	Yes
231	584	968	183	13548	9	18	24	39	15	5	15548	Yes
232	84	524	184	13886	9	24	4	21	17	5	15086	Yes
233	82	545	185	13835	7	20	4	22	18	5	14635	Yes
234	452	874	186	14998	2	24	19	35	16	5	16598	Yes
235	401	824	187	13912	1	24	17	33	16	5	15512	Yes
236	353	772	188	14901	3	22	15	31	16	5	16501	Yes
237	605	996	189	13797	5	21	25	40	15	5	15797	Yes
238	57	571	190	14387	7	21	3	23	20	5	14387	Yes
239	201	618	191	13840	1	18	9	25	16	5	15440	Yes
240	326	725	192	13655	1	25	14	29	15	5	15655	Yes
241	558	1000	193	13994	8	25	23	40	17	5	15194	Yes
242	434	896	194	13225	9	21	18	36	18	5	14025	Yes
243	434	871	194	13225	9	21	18	35	17	5	14425	Yes
244	278	668	195	13264	3	18	12	27	15	5	15264	Yes
245	581	999	196	13614	6	24	24	40	16	5	15214	Yes
246	203	669	197	13026	3	19	9	27	18	5	13826	Yes
247	203	644	197	13026	3	19	9	26	17	5	14226	Yes
248	281	798	198	14817	6	23	12	32	20	5	14817	Yes
249	332	745	199	13835	7	20	14	30	16	5	15435	Yes
250	332	845	199	13835	7	20	14	34	20	5	13835	Yes
251	504	996	200	14710	4	21	21	40	19	5	15110	Yes
252	504	946	200	14710	4	21	21	38	17	5	15910	Yes
253	504	971	200	14710	4	21	21	39	18	5	15510	Yes
254	209	649	201	13886	9	24	9	26	17	5	15086	Yes
255	427	819	202	13373	2	19	18	33	15	5	15373	Yes
256	206	619	203	14790	6	19	9	25	16	5	16390	Yes
257	206	669	203	14790	6	19	9	27	18	5	15590	Yes
258	177	698	204	14579	2	23	8	28	20	5	14579	Yes
259	2	420	205	13620	2	20	1	17	16	5	15220	Yes
260	257	720	206	13835	7	20	11	29	18	5	14635	Yes
261	258	669	207	13408	8	19	11	27	16	5	15008	Yes
262	101	623	208	13355	1	23	5	25	20	5	13355	Yes
263	101	573	208	13355	1	23	5	23	18	5	14155	Yes
264	282	796	209	14387	7	21	12	32	20	5	14387	Yes
265	282	746	209	14387	7	21	12	30	18	5	15187	Yes
266	276	669	210	13869	1	19	12	27	15	5	15869	Yes
267	157	617	211	13023	7	17	7	25	18	5	13823	Yes
268	280	770	212	13980	5	20	12	31	19	5	14380	Yes
269	280	745	212	13980	5	20	12	30	18	5	14780	Yes
270	378	825	213	14873	3	25	16	33	17	5	16073	Yes
271	58	473	214	13115	8	23	3	19	16	5	14715	Yes
272	102	618	215	13062	2	18	5	25	20	5	13062	Yes
273	207	694	216	13339	7	19	9	28	19	5	13739	Yes
274	207	644	216	13339	7	19	9	26	17	5	14539	Yes
275	176	649	217	13912	1	24	8	26	18	5	14712	Yes
276	230	698	218	13068	5	23	10	28	18	5	13868	Yes
277	505	967	219	13452	5	17	21	39	18	5	14252	Yes
278	581	1000	220	13119	6	25	24	40	16	5	14719	Yes
279	4	448	221	14117	4	23	1	18	17	5	15317	Yes
280	331	742	222	13511	6	17	14	30	16	5	15111	Yes
281	331	792	222	13511	6	17	14	32	18	5	14311	Yes
282	31	522	223	14682	6	22	2	21	19	5	15082	Yes
283	304	744	224	14494	4	19	13	30	17	5	15694	Yes
284	257	750	225	13326	7	25	11	30	19	5	13726	Yes
285	176	669	226	13869	1	19	8	27	19	5	14269	Yes
286	552	974	227	14998	2	24	23	39	16	5	16598	Yes
287	403	793	228	13264	3	18	17	32	15	5	15264	Yes
288	403	918	228	13264	3	18	17	37	20	5	13264	Yes
289	176	574	229	13912	1	24	8	23	15	5	15912	Yes
290	431	893	230	14903	6	18	18	36	18	5	15703	Yes
291	377	825	231	13959	2	25	16	33	17	5	15159	Yes
292	377	900	231	13959	2	25	16	36	20	5	13959	Yes
293	104	593	232	13428	4	18	5	24	19	5	13828	Yes
294	153	617	233	14555	3	17	7	25	18	5	15355	Yes
295	551	994	234	13869	1	19	23	40	17	5	15069	Yes
296	580	1000	235	13151	5	25	24	40	16	5	14751	Yes
297	529	995	236	14687	4	20	22	40	18	5	15487	Yes
298	305	822	237	14738	5	22	13	33	20	5	14738	Yes
299	206	725	238	13119	6	25	9	29	20	5	13119	Yes
300	383	894	239	13408	8	19	16	36	20	5	13408	Yes
301	383	844	239	13408	8	19	16	34	18	5	14208	Yes
302	376	850	240	13655	1	25	16	34	18	5	14455	Yes
303	79	524	241	13282	4	24	4	21	17	5	14482	Yes
304	79	474	241	13282	4	24	4	19	15	5	15282	Yes
305	505	892	242	13452	5	17	21	36	15	5	15452	Yes
306	182	622	243	13887	7	22	8	25	17	5	15087	Yes
307	484	895	244	13140	9	20	20	36	16	5	14740	Yes
308	484	995	244	13140	9	20	20	40	20	5	13140	Yes
309	481	920	245	14140	6	20	20	37	17	5	15340	Yes
310	481	970	245	14140	6	20	20	39	19	5	14540	Yes
311	9	444	246	14122	9	19	1	18	17	5	15322	Yes
312	84	495	247	13140	9	20	4	20	16	5	14740	Yes
313	31	450	248	13119	6	25	2	18	16	5	14719	Yes
314	451	968	249	13840	1	18	19	39	20	5	13840	Yes
315	451	918	249	13840	1	18	19	37	18	5	14640	Yes
316	454	850	250	14312	4	25	19	34	15	5	16312	Yes
317	401	817	251	14432	1	17	17	33	16	5	16032	Yes
318	452	950	252	13959	2	25	19	38	19	5	14359	Yes
319	452	875	252	13959	2	25	19	35	16	5	15559	Yes
320	358	873	253	13115	8	23	15	35	20	5	13115	Yes
321	454	968	254	13428	4	18	19	39	20	5	13428	Yes
322	105	517	255	13452	5	17	5	21	16	5	15052	Yes
323	309	747	256	13713	9	22	13	30	17	5	14913	Yes
324	208	623	257	13115	8	23	9	25	16	5	14715	Yes
325	6	424	258	13614	6	24	1	17	16	5	15214	Yes
326	158	544	259	13408	8	19	7	22	15	5	15408	Yes
327	326	747	260	13375	1	22	14	30	16	5	14975	Yes
328	326	722	260	13375	1	22	14	29	15	5	15375	Yes
329	129	650	261	14312	4	25	6	26	20	5	14312	Yes
330	228	669	262	13026	3	19	10	27	17	5	14226	Yes
331	151	567	263	14432	1	17	7	23	16	5	16032	Yes
332	527	971	264	14931	2	21	22	39	17	5	16131	Yes
333	409	874	265	13886	9	24	17	35	18	5	14686	Yes
334	409	799	265	13886	9	24	17	32	15	5	15886	Yes
335	158	671	266	13229	8	21	7	27	20	5	13229	Yes
336	57	549	267	14702	7	24	3	22	19	5	15102	Yes
337	328	845	268	13922	3	20	14	34	20	5	13922	Yes
338	506	919	269	14790	6	19	21	37	16	5	16390	Yes
339	506	894	269	14790	6	19	21	36	15	5	16790	Yes
340	283	718	270	13155	8	18	12	29	17	5	14355	Yes
341	409	895	271	13140	9	20	17	36	19	5	13540	Yes
342	409	795	271	13140	9	20	17	32	15	5	15140	Yes
343	409	820	271	13140	9	20	17	33	16	5	14740	Yes
344	159	545	272	13140	9	20	7	22	15	5	15140	Yes
345	407	798	273	14994	7	23	17	32	15	5	16994	Yes
346	479	995	274	14687	4	20	20	40	20	5	14687	Yes
347	583	999	275	13286	8	24	24	40	16	5	14886	Yes
348	76	546	276	14700	1	21	4	22	18	5	15500	Yes
349	476	918	277	13840	1	18	20	37	17	5	15040	Yes
350	326	850	278	13655	1	25	14	34	20	5	13655	Yes
351	430	843	279	13060	5	18	18	34	16	5	14660	Yes
352	429	874	280	13282	4	24	18	35	17	5	14482	Yes
353	429	899	280	13282	4	24	18	36	18	5	14082	Yes
354	128	600	281	14873	3	25	6	24	18	5	15673	Yes
355	128	545	282	13922	3	20	6	22	16	5	15522	Yes
356	128	645	282	13922	3	20	6	26	20	5	13922	Yes
357	228	643	283	13264	3	18	10	26	16	5	14864	Yes
358	358	844	284	13408	8	19	15	34	19	5	13808	Yes
359	433	900	285	13994	8	25	18	36	18	5	14794	Yes
360	133	520	286	13774	8	20	6	21	15	5	15774	Yes
361	209	620	287	13140	9	20	9	25	16	5	14740	Yes
362	581	994	288	14790	6	19	24	40	16	5	16390	Yes
363	457	895	289	13835	7	20	19	36	17	5	15035	Yes
364	54	517	290	13767	4	17	3	21	18	5	14567	Yes
365	54	469	291	14494	4	19	3	19	16	5	16094	Yes
366	54	544	291	14494	4	19	3	22	19	5	14894	Yes
367	232	648	292	14994	7	23	10	26	16	5	16594	Yes
368	276	722	293	13375	1	22	12	29	17	5	14575	Yes
369	276	747	293	13375	1	22	12	30	18	5	14175	Yes
370	3	498	294	14916	3	23	1	20	19	5	15316	Yes
371	433	870	295	13774	8	20	18	35	17	5	14974	Yes
372	433	845	295	13774	8	20	18	34	16	5	15374	Yes
373	433	920	295	13774	8	20	18	37	19	5	14174	Yes
374	8	400	296	13994	8	25	1	16	15	5	15994	Yes
375	8	450	296	13994	8	25	1	18	17	5	15194	Yes
376	284	696	297	13225	9	21	12	28	16	5	14825	Yes
377	326	749	298	13912	1	24	14	30	16	5	15512	Yes
378	326	799	298	13912	1	24	14	32	18	5	14712	Yes
379	206	592	299	13511	6	17	9	24	15	5	15511	Yes
380	281	718	300	14903	6	18	12	29	17	5	16103	Yes
381	3	497	301	14901	3	22	1	20	19	5	15301	Yes
382	3	422	301	14901	3	22	1	17	16	5	16501	Yes
383	502	997	302	14927	2	22	21	40	19	5	15327	Yes
384	502	972	302	14927	2	22	21	39	18	5	15727	Yes
385	177	694	303	13373	2	19	8	28	20	5	13373	Yes
386	453	895	304	13922	3	20	19	36	17	5	15122	Yes
387	453	947	305	14901	3	22	19	38	19	5	15301	Yes
388	453	922	305	14901	3	22	19	37	18	5	15701	Yes
389	453	972	305	14901	3	22	19	39	20	5	14901	Yes
390	476	973	306	13355	1	23	20	39	19	5	13755	Yes
391	583	992	307	13295	8	17	24	40	16	5	14895	Yes
392	101	522	308	13375	1	22	5	21	16	5	14975	Yes
393	277	696	309	14931	2	21	12	28	16	5	16531	Yes
394	253	675	310	14873	3	25	11	27	16	5	16473	Yes
395	253	725	310	14873	3	25	11	29	18	5	15673	Yes
396	558	947	311	13967	8	22	23	38	15	5	15967	Yes
397	351	847	312	13375	1	22	15	34	19	5	13775	Yes
398	128	549	313	14452	3	24	6	22	16	5	16052	Yes
399	32	442	314	13023	7	17	2	18	16	5	14623	Yes
400	431	847	315	14682	6	22	18	34	16	5	16282	Yes
401	431	922	315	14682	6	22	18	37	19	5	15082	Yes
402	606	992	316	13511	6	17	25	40	15	5	15511	Yes
403	329	846	317	14710	4	21	14	34	20	5	14710	Yes
404	453	921	318	14005	3	21	19	37	18	5	14805	Yes
405	453	846	318	14005	3	21	19	34	15	5	16005	Yes
406	453	971	318	14005	3	21	19	39	20	5	14005	Yes
407	552	944	319	13373	2	19	23	38	15	5	15373	Yes
408	329	822	320	14266	4	22	14	33	19	5	14666	Yes
409	329	847	320	14266	4	22	14	34	20	5	14266	Yes
410	233	746	321	13229	8	21	10	30	20	5	13229	Yes
411	531	993	322	14903	6	18	22	40	18	5	15703	Yes
412	531	968	322	14903	6	18	22	39	17	5	16103	Yes
413	201	646	323	14700	1	21	9	26	17	5	15900	Yes
414	483	895	324	13774	8	20	20	36	16	5	15374	Yes
415	282	671	325	14387	7	21	12	27	15	5	16387	Yes
416	282	746	325	14387	7	21	12	30	18	5	15187	Yes
417	580	974	326	14686	5	24	24	39	15	5	16686	Yes
418	228	697	327	14901	3	22	10	28	18	5	15701	Yes
419	209	593	328	13548	9	18	9	24	15	5	15548	Yes
420	209	668	328	13548	9	18	9	27	18	5	14348	Yes
421	177	573	329	14579	2	23	8	23	15	5	16579	Yes
422	177	598	329	14579	2	23	8	24	16	5	16179	Yes
423	181	598	330	14817	6	23	8	24	16	5	16417	Yes
424	181	698	330	14817	6	23	8	28	20	5	14817	Yes
425	131	649	331	13614	6	24	6	26	20	5	13614	Yes
426	233	696	332	13229	8	21	10	28	18	5	14029	Yes
427	233	671	332	13229	8	21	10	27	17	5	14429	Yes
428	233	746	332	13229	8	21	10	30	20	5	13229	Yes
429	129	595	333	14687	4	20	6	24	18	5	15487	Yes
430	334	719	334	14122	9	19	14	29	15	5	16122	Yes
431	176	669	335	13869	1	19	8	27	19	5	14269	Yes
432	176	594	335	13869	1	19	8	24	16	5	15469	Yes
433	80	520	336	13980	5	20	4	21	17	5	15180	Yes
434	80	570	336	13980	5	20	4	23	19	5	14380	Yes
435	556	972	337	14682	6	22	23	39	16	5	16282	Yes
436	356	867	338	13511	6	17	15	35	20	5	13511	Yes
437	356	842	338	13511	6	17	15	34	19	5	13911	Yes
438	356	767	338	13511	6	17	15	31	16	5	15111	Yes
439	153	623	339	14916	3	23	7	25	18	5	15716	Yes
440	153	548	339	14916	3	23	7	22	15	5	16916	Yes
441	481	992	340	13511	6	17	20	40	20	5	13511	Yes
442	131	573	341	14817	6	23	6	23	17	5	16017	Yes
443	454	923	342	14117	4	23	19	37	18	5	14917	Yes
444	526	918	343	13840	1	18	22	37	15	5	15840	Yes
445	530	945	344	13980	5	20	22	38	16	5	15580	Yes
446	555	947	345	14738	5	22	23	38	15	5	16738	Yes
447	80	546	346	13797	5	21	4	22	18	5	14597	Yes
448	134	574	347	13886	9	24	6	23	17	5	15086	Yes
449	184	673	348	14566	9	23	8	27	19	5	14966	Yes
450	381	792	349	13511	6	17	16	32	16	5	15111	Yes
451	384	847	350	13713	9	22	16	34	18	5	14513	Yes
452	3	474	351	14452	3	24	1	19	18	5	15252	Yes
453	380	900	352	13151	5	25	16	36	20	5	13151	Yes
454	351	844	353	13869	1	19	15	34	19	5	14269	Yes
455	351	819	353	13869	1	19	15	33	18	5	14669	Yes
456	351	744	353	13869	1	19	15	30	15	5	15869	Yes
457	307	722	354	13887	7	22	13	29	16	5	15487	Yes
458	476	867	355	14432	1	17	20	35	15	5	16432	Yes
459	531	947	356	14682	6	22	22	38	16	5	16282	Yes
460	277	771	357	14931	2	21	12	31	19	5	15331	Yes
461	483	869	358	13408	8	19	20	35	15	5	15408	Yes
462	434	874	359	13886	9	24	18	35	17	5	15086	Yes
463	434	899	359	13886	9	24	18	36	18	5	14686	Yes
464	305	699	360	14686	5	24	13	28	15	5	16686	Yes
465	506	1000	361	13119	6	25	21	40	19	5	13519	Yes
466	334	724	362	13886	9	24	14	29	15	5	15886	Yes
467	334	774	362	13886	9	24	14	31	17	5	15086	Yes
468	331	845	363	14140	6	20	14	34	20	5	14140	Yes
469	603	1000	364	14873	3	25	25	40	15	5	16873	Yes
470	56	497	365	14682	6	22	3	20	17	5	15882	Yes
471	406	849	366	13614	6	24	17	34	17	5	14814	Yes
472	280	774	367	14686	5	24	12	31	19	5	15086	Yes
473	480	948	368	13068	5	23	20	38	18	5	13868	Yes
474	480	923	368	13068	5	23	20	37	17	5	14268	Yes
475	502	948	369	14579	2	23	21	38	17	5	15779	Yes
476	276	794	370	13869	1	19	12	32	20	5	13869	Yes
477	276	669	370	13869	1	19	12	27	15	5	15869	Yes
478	130	574	371	14686	5	24	6	23	17	5	15886	Yes
479	54	575	372	14312	4	25	3	23	20	5	14312	Yes
480	234	649	373	13886	9	24	10	26	16	5	15486	Yes
481	234	724	373	13886	9	24	10	29	19	5	14286	Yes
482	30	543	374	13060	5	18	2	22	20	5	13060	Yes
483	330	800	375	13151	5	25	14	32	18	5	13951	Yes
484	6	419	376	14790	6	19	1	17	16	5	16390	Yes
485	331	745	377	14140	6	20	14	30	16	5	15740	Yes
486	76	599	378	13912	1	24	4	24	20	5	13912	Yes
487	82	593	379	14075	7	18	4	24	20	5	14075	Yes
488	84	523	380	14566	9	23	4	21	17	5	15766	Yes
489	276	671	381	14700	1	21	12	27	15	5	16700	Yes
490	108	623	382	13115	8	23	5	25	20	5	13115	Yes
491	326	818	383	13840	1	18	14	33	19	5	14240	Yes
492	507	967	384	13023	7	17	21	39	18	5	13823	Yes
493	507	992	384	13023	7	17	21	40	19	5	13423	Yes
494	306	772	385	14682	6	22	13	31	18	5	15482	Yes
495	130	544	386	14893	5	19	6	22	16	5	16493	Yes
496	134	545	387	13140	9	20	6	22	16	5	14740	Yes
497	402	846	388	14931	2	21	17	34	17	5	16131	Yes
498	377	796	389	14931	2	21	16	32	16	5	16531	Yes
499	426	896	390	14700	1	21	18	36	18	5	15500	Yes
500	402	844	391	13373	2	19	17	34	17	5	14573	Yes
501	406	799	392	13614	6	24	17	32	15	5	15614	Yes
502	255	767	393	13452	5	17	11	31	20	5	13452	Yes
503	551	945	394	13089	1	20	23	38	15	5	15089	Yes
504	556	997	395	14682	6	22	23	40	17	5	15882	Yes
505	277	770	396	13620	2	20	12	31	19	5	14020	Yes
506	277	695	396	13620	2	20	12	28	16	5	15220	Yes
507	59	571	397	13225	9	21	3	23	20	5	13225	Yes
508	426	845	398	13089	1	20	18	34	16	5	14689	Yes
509	127	522	399	14927	2	22	6	21	15	5	16927	Yes
510	256	650	400	13119	6	25	11	26	15	5	15119	Yes
511	527	944	401	13373	2	19	22	38	16	5	14973	Yes
512	280	721	402	13797	5	21	12	29	17	5	14997	Yes
513	576	975	403	13655	1	25	24	39	15	5	15655	Yes
514	202	675	404	13959	2	25	9	27	18	5	14759	Yes
515	452	899	405	14998	2	24	19	36	17	5	16198	Yes
516	452	849	405	14998	2	24	19	34	15	5	16998	Yes
517	334	775	406	14278	9	25	14	31	17	5	15478	Yes
518	604	997	407	14266	4	22	25	40	15	5	16266	Yes
519	407	919	408	13339	7	19	17	37	20	5	13339	Yes
520	83	600	409	13994	8	25	4	24	20	5	13994	Yes
521	2	475	410	13959	2	25	1	19	18	5	14759	Yes
522	352	775	411	13959	2	25	15	31	16	5	15559	Yes
523	453	900	412	14873	3	25	19	36	17	5	16073	Yes
524	52	499	413	14998	2	24	3	20	17	5	16198	Yes
525	134	543	414	13548	9	18	6	22	16	5	15148	Yes
526	479	922	415	14266	4	22	20	37	17	5	15466	Yes
527	28	523	416	14916	3	23	2	21	19	5	15316	Yes
528	426	900	417	13655	1	25	18	36	18	5	14455	Yes
529	426	925	417	13655	1	25	18	37	19	5	14055	Yes
530	183	675	418	13994	8	25	8	27	19	5	14394	Yes
531	58	445	419	13774	8	20	3	18	15	5	15774	Yes
532	126	543	420	13840	1	18	6	22	16	5	15440	Yes
533	427	868	421	13062	2	18	18	35	17	5	14262	Yes
534	427	918	421	13062	2	18	18	37	19	5	13462	Yes
535	309	824	422	13886	9	24	13	33	20	5	13886	Yes
536	452	968	423	13062	2	18	19	39	20	5	13062	Yes
537	53	550	424	14873	3	25	3	22	19	5	15273	Yes
538	184	694	425	14122	9	19	8	28	20	5	14122	Yes
539	155	545	426	13980	5	20	7	22	15	5	15980	Yes
540	407	893	427	14075	7	18	17	36	19	5	14475	Yes
541	58	499	428	13286	8	24	3	20	17	5	14486	Yes
542	153	650	429	14873	3	25	7	26	19	5	15273	Yes
543	1	393	430	13840	1	18	1	16	15	5	15840	Yes
544	503	970	431	13922	3	20	21	39	18	5	14722	Yes
545	457	970	432	13835	7	20	19	39	20	5	13835	Yes
546	457	920	432	13835	7	20	19	37	18	5	14635	Yes
547	457	895	432	13835	7	20	19	36	17	5	15035	Yes
548	384	842	433	14405	9	17	16	34	18	5	15205	Yes
549	151	621	434	14700	1	21	7	25	18	5	15500	Yes
550	151	646	434	14700	1	21	7	26	19	5	15100	Yes
551	34	495	435	13140	9	20	2	20	18	5	13940	Yes
552	34	445	435	13140	9	20	2	18	16	5	14740	Yes
553	553	969	436	13026	3	19	23	39	16	5	14626	Yes
554	353	824	437	14452	3	24	15	33	18	5	15252	Yes
555	59	442	438	14405	9	17	3	18	15	5	16405	Yes
556	103	550	439	14873	3	25	5	22	17	5	16073	Yes
557	301	720	440	13089	1	20	13	29	16	5	14689	Yes
558	301	695	440	13089	1	20	13	28	15	5	15089	Yes
559	404	795	441	14687	4	20	17	32	15	5	16687	Yes
560	428	943	442	13264	3	18	18	38	20	5	13264	Yes
561	232	617	443	13023	7	17	10	25	15	5	15023	Yes
562	427	921	444	14931	2	21	18	37	19	5	15331	Yes
563	381	900	445	13119	6	25	16	36	20	5	13119	Yes
564	383	823	446	13115	8	23	16	33	17	5	14315	Yes
565	530	967	447	13452	5	17	22	39	17	5	14652	Yes
566	530	917	447	13452	5	17	22	37	15	5	15452	Yes
567	309	750	448	14278	9	25	13	30	17	5	15478	Yes
568	558	947	449	13967	8	22	23	38	15	5	15967	Yes
569	558	997	449	13967	8	22	23	40	17	5	15167	Yes
570	283	796	450	13229	8	21	12	32	20	5	13229	Yes
571	327	795	451	13620	2	20	14	32	18	5	14420	Yes
572	327	845	451	13620	2	20	14	34	20	5	13620	Yes
573	559	942	452	14405	9	17	23	38	15	5	16405	Yes
574	306	820	453	14140	6	20	13	33	20	5	14140	Yes
575	306	745	453	14140	6	20	13	30	17	5	15340	Yes
576	155	623	454	13068	5	23	7	25	18	5	13868	Yes
577	379	850	455	14312	4	25	16	34	18	5	15112	Yes
578	326	846	456	14700	1	21	14	34	20	5	14700	Yes
579	184	621	457	13225	9	21	8	25	17	5	14425	Yes
580	159	646	458	13225	9	21	7	26	19	5	13625	Yes
581	159	546	458	13225	9	21	7	22	15	5	15225	Yes
582	276	772	459	13375	1	22	12	31	19	5	13775	Yes
583	276	697	459	13375	1	22	12	28	16	5	14975	Yes
584	284	718	460	13548	9	18	12	29	17	5	14748	Yes
585	430	950	461	13151	5	25	18	38	20	5	13151	Yes
586	428	822	462	14901	3	22	18	33	15	5	16901	Yes
587	428	897	462	14901	3	22	18	36	18	5	15701	Yes
588	430	898	463	13068	5	23	18	36	18	5	13868	Yes
589	583	971	464	13229	8	21	24	39	15	5	15229	Yes
590	429	845	465	14687	4	20	18	34	16	5	16287	Yes
591	429	895	465	14687	4	20	18	36	18	5	15487	Yes
592	182	617	466	13023	7	17	8	25	17	5	14223	Yes
593	201	723	467	13355	1	23	9	29	20	5	13355	Yes
594	583	968	468	13155	8	18	24	39	15	5	15155	Yes
595	59	521	469	13225	9	21	3	21	18	5	14025	Yes
596	29	547	470	14266	4	22	2	22	20	5	14266	Yes
597	527	942	471	13299	2	17	22	38	16	5	14899	Yes
598	527	967	471	13299	2	17	22	39	17	5	14499	Yes
599	159	623	472	14566	9	23	7	25	18	5	15366	Yes
600	159	573	472	14566	9	23	7	23	16	5	16166	Yes
601	354	844	473	14494	4	19	15	34	19	5	14894	Yes
602	457	899	474	14702	7	24	19	36	17	5	15902	Yes
603	309	724	475	13886	9	24	13	29	16	5	15486	Yes
604	209	649	476	13886	9	24	9	26	17	5	15086	Yes
605	103	543	477	13264	3	18	5	22	17	5	14464	Yes
606	103	518	477	13264	3	18	5	21	16	5	14864	Yes
607	82	573	478	14994	7	23	4	23	19	5	15394	Yes
608	82	548	478	14994	7	23	4	22	18	5	15794	Yes
609	307	792	479	13023	7	17	13	32	19	5	13423	Yes
610	133	569	480	13408	8	19	6	23	17	5	14608	Yes
611	133	594	480	13408	8	19	6	24	18	5	14208	Yes
612	304	720	481	14687	4	20	13	29	16	5	16287	Yes
613	208	593	482	13155	8	18	9	24	15	5	15155	Yes
614	234	622	483	13713	9	22	10	25	15	5	15713	Yes
615	408	868	484	13155	8	18	17	35	18	5	13955	Yes
616	408	918	484	13155	8	18	17	37	20	5	13155	Yes
617	129	569	485	14494	4	19	6	23	17	5	15694	Yes
618	309	768	486	13548	9	18	13	31	18	5	14348	Yes
619	504	942	487	13767	4	17	21	38	17	5	14967	Yes
620	355	748	488	13068	5	23	15	30	15	5	15068	Yes
621	281	773	489	14817	6	23	12	31	19	5	15217	Yes
622	505	899	490	14686	5	24	21	36	15	5	16686	Yes
623	507	972	491	13887	7	22	21	39	18	5	14687	Yes
624	226	723	492	13355	1	23	10	29	19	5	13755	Yes
625	581	975	493	13119	6	25	24	39	15	5	15119	Yes
626	1	523	494	13355	1	23	1	21	20	5	13355	Yes
627	334	722	495	13713	9	22	14	29	15	5	15713	Yes
628	458	974	496	13286	8	24	19	39	20	5	13286	Yes
629	502	973	497	14579	2	23	21	39	18	5	15379	Yes
630	502	923	497	14579	2	23	21	37	16	5	16179	Yes
631	59	448	498	14566	9	23	3	18	15	5	16566	Yes
632	479	899	499	13282	4	24	20	36	16	5	14882	Yes
633	256	643	500	14903	6	18	11	26	15	5	16903	Yes
634	152	675	501	13959	2	25	7	27	20	5	13959	Yes
635	604	999	502	13282	4	24	25	40	15	5	15282	Yes
636	403	797	503	14901	3	22	17	32	15	5	16901	Yes
637	504	971	504	14710	4	21	21	39	18	5	15510	Yes
638	504	896	504	14710	4	21	21	36	15	5	16710	Yes
639	226	694	505	13869	1	19	10	28	18	5	14669	Yes
640	226	644	505	13869	1	19	10	26	16	5	15469	Yes
641	380	873	506	13068	5	23	16	35	19	5	13468	Yes
642	208	600	507	13994	8	25	9	24	15	5	15994	Yes
643	29	423	508	14117	4	23	2	17	15	5	16117	Yes
644	457	924	509	14702	7	24	19	37	18	5	15502	Yes
645	457	874	509	14702	7	24	19	35	16	5	16302	Yes
646	83	598	510	13115	8	23	4	24	20	5	13115	Yes
647	579	972	511	14266	4	22	24	39	15	5	16266	Yes
648	255	748	512	13068	5	23	11	30	19	5	13468	Yes
649	331	720	513	14140	6	20	14	29	15	5	16140	Yes
650	407	793	514	14075	7	18	17	32	15	5	16075	Yes
651	478	997	515	14901	3	22	20	40	20	5	14901	Yes
652	478	922	515	14901	3	22	20	37	17	5	16101	Yes
653	602	998	516	14579	2	23	25	40	15	5	16579	Yes
654	555	973	517	13068	5	23	23	39	16	5	14668	Yes
655	381	848	518	14817	6	23	16	34	18	5	15617	Yes
656	78	499	519	14452	3	24	4	20	16	5	16052	Yes
657	58	467	520	13295	8	17	3	19	16	5	14895	Yes
658	577	973	521	14579	2	23	24	39	15	5	16579	Yes
659	255	748	522	13068	5	23	11	30	19	5	13468	Yes
660	255	673	522	13068	5	23	11	27	16	5	14668	Yes
661	451	895	523	13089	1	20	19	36	17	5	14289	Yes
662	607	994	524	13339	7	19	25	40	15	5	15339	Yes
663	303	742	525	14555	3	17	13	30	17	5	15755	Yes
664	133	545	526	13774	8	20	6	22	16	5	15374	Yes
665	582	997	527	13887	7	22	24	40	16	5	15487	Yes
666	582	972	527	13887	7	22	24	39	15	5	15887	Yes
667	403	796	528	14005	3	21	17	32	15	5	16005	Yes
668	2	518	529	13062	2	18	1	21	20	5	13062	Yes
669	134	621	530	13225	9	21	6	25	19	5	13625	Yes
670	355	775	531	13151	5	25	15	31	16	5	14751	Yes
671	355	875	531	13151	5	25	15	35	20	5	13151	Yes
672	579	970	532	14687	4	20	24	39	15	5	16687	Yes
673	81	500	533	13119	6	25	4	20	16	5	14719	Yes
674	134	623	534	14566	9	23	6	25	19	5	14966	Yes
675	105	544	535	14893	5	19	5	22	17	5	16093	Yes
676	453	867	536	14555	3	17	19	35	16	5	16155	Yes
677	453	917	536	14555	3	17	19	37	18	5	15355	Yes
678	54	444	537	14494	4	19	3	18	15	5	16494	Yes
679	54	519	537	14494	4	19	3	21	18	5	15294	Yes
680	554	972	538	14266	4	22	23	39	16	5	15866	Yes
681	107	547	539	13887	7	22	5	22	17	5	15087	Yes
682	484	893	540	13548	9	18	20	36	16	5	15148	Yes
683	602	994	541	13373	2	19	25	40	15	5	15373	Yes
684	181	670	542	14140	6	20	8	27	19	5	14540	Yes
685	132	567	543	13023	7	17	6	23	17	5	14223	Yes
686	527	992	544	13299	2	17	22	40	18	5	14099	Yes
687	431	819	545	14790	6	19	18	33	15	5	16790	Yes
688	431	944	545	14790	6	19	18	38	20	5	14790	Yes
689	504	922	546	14266	4	22	21	37	16	5	15866	Yes
690	358	749	547	13286	8	24	15	30	15	5	15286	Yes
691	358	849	547	13286	8	24	15	34	19	5	13686	Yes
692	428	871	548	14005	3	21	18	35	17	5	15205	Yes
693	408	867	549	13295	8	17	17	35	18	5	14095	Yes
694	258	696	550	13229	8	21	11	28	17	5	14429	Yes
695	258	721	550	13229	8	21	11	29	18	5	14029	Yes
696	132	649	551	14702	7	24	6	26	20	5	14702	Yes
697	578	998	552	14916	3	23	24	40	16	5	16516	Yes
698	34	497	553	13713	9	22	2	20	18	5	14513	Yes
699	304	717	554	13767	4	17	13	29	16	5	15367	Yes
700	304	817	554	13767	4	17	13	33	20	5	13767	Yes
701	282	742	555	13023	7	17	12	30	18	5	13823	Yes
702	229	720	556	14687	4	20	10	29	19	5	15087	Yes
703	59	568	557	13548	9	18	3	23	20	5	13548	Yes
704	334	818	558	13548	9	18	14	33	19	5	13948	Yes
705	453	848	559	14916	3	23	19	34	15	5	16916	Yes
706	351	745	560	13089	1	20	15	30	15	5	15089	Yes
707	457	869	561	13339	7	19	19	35	16	5	14939	Yes
708	459	875	562	14278	9	25	19	35	16	5	15878	Yes
709	9	444	563	14122	9	19	1	18	17	5	15322	Yes
710	176	696	564	14700	1	21	8	28	20	5	14700	Yes
711	378	792	565	14555	3	17	16	32	16	5	16155	Yes
712	131	567	566	13511	6	17	6	23	17	5	14711	Yes
713	555	973	567	13068	5	23	23	39	16	5	14668	Yes
714	582	967	568	13023	7	17	24	39	15	5	15023	Yes
715	301	799	569	13912	1	24	13	32	19	5	14312	Yes
716	307	723	570	14994	7	23	13	29	16	5	16594	Yes
717	334	719	571	14122	9	19	14	29	15	5	16122	Yes
718	132	618	572	14075	7	18	6	25	19	5	14475	Yes
719	132	518	572	14075	7	18	6	21	15	5	16075	Yes
720	227	643	573	13062	2	18	10	26	16	5	14662	Yes
721	528	999	574	14452	3	24	22	40	18	5	15252	Yes
722	528	949	574	14452	3	24	22	38	16	5	16052	Yes
723	105	500	575	13151	5	25	5	20	15	5	15151	Yes
724	531	920	576	14140	6	20	22	37	15	5	16140	Yes
725	178	669	577	13026	3	19	8	27	19	5	13426	Yes
726	504	918	578	13428	4	18	21	37	16	5	15028	Yes
727	401	925	579	13655	1	25	17	37	20	5	13655	Yes
728	401	800	579	13655	1	25	17	32	15	5	15655	Yes
729	552	968	580	13062	2	18	23	39	16	5	14662	Yes
730	109	520	581	13140	9	20	5	21	16	5	14740	Yes
731	304	822	582	14266	4	22	13	33	20	5	14266	Yes
732	229	693	583	13428	4	18	10	28	18	5	14228	Yes
733	79	547	584	14266	4	22	4	22	18	5	15066	Yes
734	502	999	585	14998	2	24	21	40	19	5	15398	Yes
735	280	743	586	13060	5	18	12	30	18	5	13860	Yes
736	551	999	587	13912	1	24	23	40	17	5	15112	Yes
737	431	870	588	14140	6	20	18	35	17	5	15340	Yes
738	206	645	589	14140	6	20	9	26	17	5	15340	Yes
739	582	1000	590	13326	7	25	24	40	16	5	14926	Yes
740	377	794	591	13373	2	19	16	32	16	5	14973	Yes
741	377	894	591	13373	2	19	16	36	20	5	13373	Yes
742	409	819	592	14122	9	19	17	33	16	5	15722	Yes
743	452	874	593	14998	2	24	19	35	16	5	16598	Yes
744	452	924	593	14998	2	24	19	37	18	5	15798	Yes
745	233	724	594	13286	8	24	10	29	19	5	13686	Yes
746	233	749	594	13286	8	24	10	30	20	5	13286	Yes
747	355	875	595	13151	5	25	15	35	20	5	13151	Yes
748	359	872	596	13713	9	22	15	35	20	5	13713	Yes
749	357	842	597	13023	7	17	15	34	19	5	13423	Yes
750	26	517	598	14432	1	17	2	21	19	5	14832	Yes
751	26	492	598	14432	1	17	2	20	18	5	15232	Yes
752	1	467	599	14432	1	17	1	19	18	5	15232	Yes
753	101	548	600	13355	1	23	5	22	17	5	14555	Yes
754	407	795	601	13835	7	20	17	32	15	5	15835	Yes
755	584	971	602	13225	9	21	24	39	15	5	15225	Yes
756	380	896	603	13797	5	21	16	36	20	5	13797	Yes
757	502	918	604	13062	2	18	21	37	16	5	14662	Yes
758	482	924	605	14702	7	24	20	37	17	5	15902	Yes
759	528	975	606	14873	3	25	22	39	17	5	16073	Yes
760	528	950	606	14873	3	25	22	38	16	5	16473	Yes
761	283	669	607	13408	8	19	12	27	15	5	15408	Yes
762	283	694	607	13408	8	19	12	28	16	5	15008	Yes
763	427	871	608	14931	2	21	18	35	17	5	16131	Yes
764	531	973	609	14817	6	23	22	39	17	5	16017	Yes
765	133	621	610	13229	8	21	6	25	19	5	13629	Yes
766	233	618	611	13155	8	18	10	25	15	5	15155	Yes
767	233	693	611	13155	8	18	10	28	18	5	13955	Yes
768	480	895	612	13980	5	20	20	36	16	5	15580	Yes
769	255	718	613	13060	5	18	11	29	18	5	13860	Yes
770	478	974	614	14452	3	24	20	39	19	5	14852	Yes
771	134	522	615	13713	9	22	6	21	15	5	15713	Yes
772	134	547	615	13713	9	22	6	22	16	5	15313	Yes
773	252	724	616	14998	2	24	11	29	18	5	15798	Yes
774	252	674	616	14998	2	24	11	27	16	5	16598	Yes
775	501	895	617	13089	1	20	21	36	15	5	15089	Yes
776	228	742	618	14555	3	17	10	30	20	5	14555	Yes
777	228	717	618	14555	3	17	10	29	19	5	14955	Yes
778	358	799	619	13286	8	24	15	32	17	5	14486	Yes
779	326	750	620	13655	1	25	14	30	16	5	15255	Yes
780	282	744	621	13339	7	19	12	30	18	5	14139	Yes
781	356	742	622	13511	6	17	15	30	15	5	15511	Yes
782	306	694	623	14790	6	19	13	28	15	5	16790	Yes
783	331	720	624	14140	6	20	14	29	15	5	16140	Yes
784	427	898	625	14579	2	23	18	36	18	5	15379	Yes
785	127	525	626	13959	2	25	6	21	15	5	15959	Yes
786	127	625	626	13959	2	25	6	25	19	5	14359	Yes
787	359	848	627	14566	9	23	15	34	19	5	14966	Yes
788	359	873	627	14566	9	23	15	35	20	5	14566	Yes
789	453	875	628	14873	3	25	19	35	16	5	16473	Yes
790	453	850	628	14873	3	25	19	34	15	5	16873	Yes
791	404	899	629	13282	4	24	17	36	19	5	13682	Yes
792	330	848	630	13068	5	23	14	34	20	5	13068	Yes
793	406	918	631	14903	6	18	17	37	20	5	14903	Yes
794	406	868	631	14903	6	18	17	35	18	5	15703	Yes
795	84	494	632	14122	9	19	4	20	16	5	15722	Yes
796	133	575	633	13994	8	25	6	23	17	5	15194	Yes
797	133	600	633	13994	8	25	6	24	18	5	14794	Yes
798	483	871	634	13229	8	21	20	35	15	5	15229	Yes
799	483	896	634	13229	8	21	20	36	16	5	14829	Yes
800	483	946	634	13229	8	21	20	38	18	5	14029	Yes
801	582	994	635	13339	7	19	24	40	16	5	14939	Yes
802	484	894	636	14122	9	19	20	36	16	5	15722	Yes
803	484	994	636	14122	9	19	20	40	20	5	14122	Yes
804	457	920	637	13835	7	20	19	37	18	5	14635	Yes
805	482	973	638	14994	7	23	20	39	19	5	15394	Yes
806	77	593	639	13062	2	18	4	24	20	5	13062	Yes
807	77	468	639	13062	2	18	4	19	15	5	15062	Yes
808	253	668	640	13264	3	18	11	27	16	5	14864	Yes
809	253	718	640	13264	3	18	11	29	18	5	14064	Yes
810	407	842	641	13023	7	17	17	34	17	5	14223	Yes
811	407	792	641	13023	7	17	17	32	15	5	15023	Yes
812	53	442	642	14555	3	17	3	18	15	5	16555	Yes
813	381	823	643	14817	6	23	16	33	17	5	16017	Yes
814	379	795	644	14687	4	20	16	32	16	5	16287	Yes
815	379	770	644	14687	4	20	16	31	15	5	16687	Yes
816	103	618	645	13264	3	18	5	25	20	5	13264	Yes
817	381	899	646	13614	6	24	16	36	20	5	13614	Yes
818	557	997	647	13887	7	22	23	40	17	5	15087	Yes
819	255	717	648	13452	5	17	11	29	18	5	14252	Yes
820	357	767	649	13023	7	17	15	31	16	5	14623	Yes
821	182	621	650	14387	7	21	8	25	17	5	15587	Yes
822	501	900	651	13655	1	25	21	36	15	5	15655	Yes
823	83	550	652	13994	8	25	4	22	18	5	14794	Yes
824	83	500	652	13994	8	25	4	20	16	5	15594	Yes
825	354	874	653	13282	4	24	15	35	20	5	13282	Yes
826	354	799	653	13282	4	24	15	32	17	5	14482	Yes
827	406	795	654	14140	6	20	17	32	15	5	16140	Yes
828	27	500	655	13959	2	25	2	20	18	5	14759	Yes
829	251	668	656	13840	1	18	11	27	16	5	15440	Yes
830	427	896	657	14931	2	21	18	36	18	5	15731	Yes
831	427	821	657	14931	2	21	18	33	15	5	16931	Yes
832	607	995	658	13835	7	20	25	40	15	5	15835	Yes
833	9	517	659	14405	9	17	1	21	20	5	14405	Yes
834	355	843	660	13060	5	18	15	34	19	5	13460	Yes
835	302	797	661	14927	2	22	13	32	19	5	15327	Yes
836	157	675	662	13326	7	25	7	27	20	5	13326	Yes
837	454	923	663	14117	4	23	19	37	18	5	14917	Yes
838	401	798	664	13355	1	23	17	32	15	5	15355	Yes
839	283	672	665	13967	8	22	12	27	15	5	15967	Yes
840	355	769	666	14893	5	19	15	31	16	5	16493	Yes
841	355	819	666	14893	5	19	15	33	18	5	15693	Yes
842	355	744	666	14893	5	19	15	30	15	5	16893	Yes
843	509	950	667	14278	9	25	21	38	17	5	15478	Yes
844	155	672	668	14738	5	22	7	27	20	5	14738	Yes
845	334	818	669	13548	9	18	14	33	19	5	13948	Yes
846	334	718	669	13548	9	18	14	29	15	5	15548	Yes
847	9	425	670	14278	9	25	1	17	16	5	15878	Yes
848	9	500	670	14278	9	25	1	20	19	5	14678	Yes
849	329	825	671	14312	4	25	14	33	19	5	14712	Yes
850	154	572	672	14266	4	22	7	23	16	5	15866	Yes
851	483	970	673	13774	8	20	20	39	19	5	14174	Yes
852	284	694	674	14122	9	19	12	28	16	5	15722	Yes
853	278	695	675	13922	3	20	12	28	16	5	15522	Yes
854	282	718	676	14075	7	18	12	29	17	5	15275	Yes
855	230	646	677	13797	5	21	10	26	16	5	15397	Yes
856	33	472	678	13967	8	22	2	19	17	5	15167	Yes
857	155	668	679	13060	5	18	7	27	20	5	13060	Yes
858	478	921	680	14005	3	21	20	37	17	5	15205	Yes
859	477	867	681	13299	2	17	20	35	15	5	15299	Yes
860	477	992	681	13299	2	17	20	40	20	5	13299	Yes
861	558	994	682	13408	8	19	23	40	17	5	14608	Yes
862	428	820	683	13922	3	20	18	33	15	5	15922	Yes
863	401	917	684	14432	1	17	17	37	20	5	14432	Yes
864	401	867	684	14432	1	17	17	35	18	5	15232	Yes
865	284	699	685	13886	9	24	12	28	16	5	15486	Yes
866	284	774	685	13886	9	24	12	31	19	5	14286	Yes
867	6	442	686	13511	6	17	1	18	17	5	14711	Yes
868	377	819	687	13373	2	19	16	33	17	5	14573	Yes
869	377	769	687	13373	2	19	16	31	15	5	15373	Yes
870	377	894	687	13373	2	19	16	36	20	5	13373	Yes
871	580	992	688	13452	5	17	24	40	16	5	15052	Yes
872	378	821	689	14005	3	21	16	33	17	5	15205	Yes
873	534	967	690	14405	9	17	22	39	17	5	15605	Yes
874	534	917	690	14405	9	17	22	37	15	5	16405	Yes
875	57	522	691	13887	7	22	3	21	18	5	14687	Yes
876	55	447	692	14738	5	22	3	18	15	5	16738	Yes
877	329	821	693	14710	4	21	14	33	19	5	15110	Yes
878	329	796	693	14710	4	21	14	32	18	5	15510	Yes
879	454	973	694	14117	4	23	19	39	20	5	14117	Yes
880	458	849	695	13286	8	24	19	34	15	5	15286	Yes
881	458	949	695	13286	8	24	19	38	19	5	13686	Yes
882	226	720	696	13089	1	20	10	29	19	5	13489	Yes
883	328	821	697	14005	3	21	14	33	19	5	14405	Yes
884	328	746	697	14005	3	21	14	30	16	5	15605	Yes
885	203	668	698	13264	3	18	9	27	18	5	14064	Yes
886	79	494	699	14494	4	19	4	20	16	5	16094	Yes
887	128	573	700	14916	3	23	6	23	17	5	16116	Yes
888	307	692	701	13023	7	17	13	28	15	5	15023	Yes
889	404	872	702	14266	4	22	17	35	18	5	15066	Yes
890	404	847	702	14266	4	22	17	34	17	5	15466	Yes
891	58	546	703	13229	8	21	3	22	19	5	13629	Yes
892	304	692	704	13767	4	17	13	28	15	5	15767	Yes
893	326	825	705	13655	1	25	14	33	19	5	14055	Yes
894	334	722	706	13713	9	22	14	29	15	5	15713	Yes
895	529	974	707	13282	4	24	22	39	17	5	14482	Yes
896	77	574	708	14998	2	24	4	23	19	5	15398	Yes
897	604	996	709	14710	4	21	25	40	15	5	16710	Yes
898	380	899	710	14686	5	24	16	36	20	5	14686	Yes
899	453	970	711	13922	3	20	19	39	20	5	13922	Yes
900	182	567	712	13023	7	17	8	23	15	5	15023	Yes
901	102	574	713	14998	2	24	5	23	18	5	15798	Yes
902	431	850	714	13119	6	25	18	34	16	5	14719	Yes
903	431	925	714	13119	6	25	18	37	19	5	13519	Yes
904	533	967	715	13295	8	17	22	39	17	5	14495	Yes
905	533	992	715	13295	8	17	22	40	18	5	14095	Yes
906	584	973	716	14566	9	23	24	39	15	5	16566	Yes
907	103	594	717	13026	3	19	5	24	19	5	13426	Yes
908	452	971	718	14931	2	21	19	39	20	5	14931	Yes
909	180	598	719	13068	5	23	8	24	16	5	14668	Yes
910	180	673	719	13068	5	23	8	27	19	5	13468	Yes
911	502	948	720	14579	2	23	21	38	17	5	15779	Yes
912	102	623	721	14579	2	23	5	25	20	5	14579	Yes
913	376	823	722	13355	1	23	16	33	17	5	14555	Yes
914	376	898	722	13355	1	23	16	36	20	5	13355	Yes
915	205	720	723	13980	5	20	9	29	20	5	13980	Yes
916	6	470	724	14140	6	20	1	19	18	5	14940	Yes
917	178	624	725	14452	3	24	8	25	17	5	15652	Yes
918	406	919	726	14790	6	19	17	37	20	5	14790	Yes
919	451	972	727	13375	1	22	19	39	20	5	13375	Yes
920	33	549	728	13286	8	24	2	22	20	5	13286	Yes
921	258	697	729	13967	8	22	11	28	17	5	15167	Yes
922	201	645	730	13089	1	20	9	26	17	5	14289	Yes
923	556	997	731	14682	6	22	23	40	17	5	15882	Yes
924	6	418	732	14903	6	18	1	17	16	5	16503	Yes
925	526	995	733	13089	1	20	22	40	18	5	13889	Yes
926	278	770	734	13922	3	20	12	31	19	5	14322	Yes
927	406	819	735	14790	6	19	17	33	16	5	16390	Yes
928	481	942	736	13511	6	17	20	38	18	5	14311	Yes
929	482	919	737	13339	7	19	20	37	17	5	14539	Yes
930	482	994	737	13339	7	19	20	40	20	5	13339	Yes
931	103	575	738	14873	3	25	5	23	18	5	15673	Yes
932	379	897	739	14266	4	22	16	36	20	5	14266	Yes
933	379	847	739	14266	4	22	16	34	18	5	15066	Yes
934	6	470	740	14140	6	20	1	19	18	5	14940	Yes
935	131	594	741	14790	6	19	6	24	18	5	15590	Yes
936	131	544	741	14790	6	19	6	22	16	5	16390	Yes
937	55	546	742	13797	5	21	3	22	19	5	14197	Yes
938	204	596	743	14710	4	21	9	24	15	5	16710	Yes
939	306	717	744	13511	6	17	13	29	16	5	15111	Yes
940	602	995	745	13620	2	20	25	40	15	5	15620	Yes
941	284	720	746	13140	9	20	12	29	17	5	14340	Yes
942	103	518	747	13264	3	18	5	21	16	5	14864	Yes
943	103	493	747	13264	3	18	5	20	15	5	15264	Yes
944	402	895	748	13620	2	20	17	36	19	5	14020	Yes
945	134	645	749	13140	9	20	6	26	20	5	13140	Yes
946	108	519	750	13408	8	19	5	21	16	5	15008	Yes
947	1	450	751	13655	1	25	1	18	17	5	14855	Yes
948	459	967	752	14405	9	17	19	39	20	5	14405	Yes
949	130	595	753	13980	5	20	6	24	18	5	14780	Yes
950	459	871	754	13225	9	21	19	35	16	5	14825	Yes
951	459	971	754	13225	9	21	19	39	20	5	13225	Yes
952	159	595	755	13140	9	20	7	24	17	5	14340	Yes
953	176	618	756	13840	1	18	8	25	17	5	15040	Yes
954	176	693	756	13840	1	18	8	28	20	5	13840	Yes
955	176	593	756	13840	1	18	8	24	16	5	15440	Yes
956	553	996	757	14005	3	21	23	40	17	5	15205	Yes
957	604	994	758	14494	4	19	25	40	15	5	16494	Yes
958	333	744	759	13408	8	19	14	30	16	5	15008	Yes
959	58	520	760	13774	8	20	3	21	18	5	14574	Yes
960	30	448	761	13068	5	23	2	18	16	5	14668	Yes
961	54	518	762	13428	4	18	3	21	18	5	14228	Yes
962	229	718	763	13428	4	18	10	29	19	5	13828	Yes
963	129	624	764	13282	4	24	6	25	19	5	13682	Yes
964	129	599	764	13282	4	24	6	24	18	5	14082	Yes
965	55	524	765	14686	5	24	3	21	18	5	15486	Yes
966	532	970	766	13835	7	20	22	39	17	5	15035	Yes
967	152	621	767	14931	2	21	7	25	18	5	15731	Yes
968	126	642	768	14432	1	17	6	26	20	5	14432	Yes
969	401	892	769	14432	1	17	17	36	19	5	14832	Yes
970	507	895	770	13835	7	20	21	36	15	5	15835	Yes
971	427	825	771	13959	2	25	18	33	15	5	15959	Yes
972	427	925	771	13959	2	25	18	37	19	5	14359	Yes
973	332	717	772	13023	7	17	14	29	15	5	15023	Yes
974	54	574	773	13282	4	24	3	23	20	5	13282	Yes
975	432	868	774	14075	7	18	18	35	17	5	15275	Yes
976	579	967	775	13767	4	17	24	39	15	5	15767	Yes
977	333	770	776	13774	8	20	14	31	17	5	14974	Yes
978	453	874	777	14452	3	24	19	35	16	5	16052	Yes
979	453	974	777	14452	3	24	19	39	20	5	14452	Yes
980	353	774	778	14452	3	24	15	31	16	5	16052	Yes
981	431	825	779	13119	6	25	18	33	15	5	15119	Yes
982	431	950	779	13119	6	25	18	38	20	5	13119	Yes
983	352	821	780	14931	2	21	15	33	18	5	15731	Yes
984	358	750	781	13994	8	25	15	30	15	5	15994	Yes
985	358	800	781	13994	8	25	15	32	17	5	15194	Yes
986	408	793	782	13155	8	18	17	32	15	5	15155	Yes
987	277	725	783	13959	2	25	12	29	17	5	15159	Yes
988	331	722	784	14682	6	22	14	29	15	5	16682	Yes
989	301	819	785	13869	1	19	13	33	20	5	13869	Yes
990	432	944	786	13339	7	19	18	38	20	5	13339	Yes
991	432	919	786	13339	7	19	18	37	19	5	13739	Yes
992	204	642	787	13767	4	17	9	26	17	5	14967	Yes
993	303	699	788	14452	3	24	13	28	15	5	16452	Yes
994	303	749	788	14452	3	24	13	30	17	5	15652	Yes
995	153	569	789	13026	3	19	7	23	16	5	14626	Yes
996	153	644	789	13026	3	19	7	26	19	5	13426	Yes
997	451	870	790	13089	1	20	19	35	16	5	14689	Yes
998	280	768	791	13060	5	18	12	31	19	5	13460	Yes
999	280	793	791	13060	5	18	12	32	20	5	13060	Yes
1000	380	767	792	13452	5	17	16	31	15	5	15452	Yes
1001	456	972	793	14682	6	22	19	39	20	5	14682	Yes
1002	456	897	793	14682	6	22	19	36	17	5	15882	Yes
1003	456	872	793	14682	6	22	19	35	16	5	16282	Yes
1004	554	942	794	13767	4	17	23	38	15	5	15767	Yes
1005	79	543	795	13428	4	18	4	22	18	5	14228	Yes
1006	328	722	796	14901	3	22	14	29	15	5	16901	Yes
1007	328	847	796	14901	3	22	14	34	20	5	14901	Yes
1008	507	968	797	14075	7	18	21	39	18	5	14875	Yes
1009	507	893	797	14075	7	18	21	36	15	5	16075	Yes
1010	507	943	797	14075	7	18	21	38	17	5	15275	Yes
1011	201	721	798	14700	1	21	9	29	20	5	14700	Yes
1012	184	598	799	14566	9	23	8	24	16	5	16166	Yes
1013	302	744	800	13373	2	19	13	30	17	5	14573	Yes
1014	332	724	801	14702	7	24	14	29	15	5	16702	Yes
1015	332	799	801	14702	7	24	14	32	18	5	15502	Yes
1016	355	792	802	13452	5	17	15	32	17	5	14652	Yes
1017	401	874	803	13912	1	24	17	35	18	5	14712	Yes
1018	384	870	804	13140	9	20	16	35	19	5	13540	Yes
1019	81	522	805	14682	6	22	4	21	17	5	15882	Yes
1020	581	968	806	14903	6	18	24	39	15	5	16903	Yes
1021	158	543	807	13155	8	18	7	22	15	5	15155	Yes
1022	54	542	808	13767	4	17	3	22	19	5	14167	Yes
1023	107	571	809	14387	7	21	5	23	18	5	15187	Yes
1024	76	548	810	13355	1	23	4	22	18	5	14155	Yes
1025	605	999	811	14686	5	24	25	40	15	5	16686	Yes
1026	558	970	812	13774	8	20	23	39	16	5	15374	Yes
1027	55	475	813	13151	5	25	3	19	16	5	14751	Yes
1028	431	920	814	14140	6	20	18	37	19	5	14540	Yes
1029	584	997	815	13713	9	22	24	40	16	5	15313	Yes
1030	126	618	816	13840	1	18	6	25	19	5	14240	Yes
1031	259	649	817	13886	9	24	11	26	15	5	15886	Yes
1032	129	522	818	14266	4	22	6	21	15	5	16266	Yes
1033	127	642	819	13299	2	17	6	26	20	5	13299	Yes
1034	105	575	820	13151	5	25	5	23	18	5	13951	Yes
1035	384	821	821	13225	9	21	16	33	17	5	14425	Yes
1036	384	871	821	13225	9	21	16	35	19	5	13625	Yes
1037	429	943	822	13428	4	18	18	38	20	5	13428	Yes
1038	577	973	823	14579	2	23	24	39	15	5	16579	Yes
1039	576	994	824	13869	1	19	24	40	16	5	15469	Yes
1040	407	920	825	13835	7	20	17	37	20	5	13835	Yes
1041	407	820	825	13835	7	20	17	33	16	5	15435	Yes
1042	302	697	826	14927	2	22	13	28	15	5	16927	Yes
1043	302	772	826	14927	2	22	13	31	18	5	15727	Yes
1044	2	424	827	14998	2	24	1	17	16	5	16598	Yes
1045	129	599	828	13282	4	24	6	24	18	5	14082	Yes
1046	129	624	828	13282	4	24	6	25	19	5	13682	Yes
1047	276	718	829	13840	1	18	12	29	17	5	15040	Yes
1048	477	997	830	14927	2	22	20	40	20	5	14927	Yes
1049	330	820	831	13980	5	20	14	33	19	5	14380	Yes
1050	330	770	831	13980	5	20	14	31	17	5	15180	Yes
1051	330	845	831	13980	5	20	14	34	20	5	13980	Yes
1052	7	499	832	14702	7	24	1	20	19	5	15102	Yes
1053	558	945	833	13774	8	20	23	38	15	5	15774	Yes
1054	402	896	834	14931	2	21	17	36	19	5	15331	Yes
1055	454	971	835	14710	4	21	19	39	20	5	14710	Yes
1056	229	697	836	14266	4	22	10	28	18	5	15066	Yes
1057	528	969	837	13026	3	19	22	39	17	5	14226	Yes
1058	528	944	837	13026	3	19	22	38	16	5	14626	Yes
1059	583	992	838	13295	8	17	24	40	16	5	14895	Yes
1060	433	946	839	13229	8	21	18	38	20	5	13229	Yes
1061	583	994	840	13408	8	19	24	40	16	5	15008	Yes
1062	357	874	841	14702	7	24	15	35	20	5	14702	Yes
1063	357	849	841	14702	7	24	15	34	19	5	15102	Yes
1064	552	972	842	14927	2	22	23	39	16	5	16527	Yes
1065	552	997	842	14927	2	22	23	40	17	5	16127	Yes
1066	308	719	843	13408	8	19	13	29	16	5	15008	Yes
1067	308	694	843	13408	8	19	13	28	15	5	15408	Yes
1068	29	497	844	14266	4	22	2	20	18	5	15066	Yes
1069	152	619	845	13373	2	19	7	25	18	5	14173	Yes
1070	459	918	846	13548	9	18	19	37	18	5	14348	Yes
1071	483	973	847	13115	8	23	20	39	19	5	13515	Yes
1072	6	474	848	13614	6	24	1	19	18	5	14414	Yes
1073	582	973	849	14994	7	23	24	39	15	5	16994	Yes
1074	379	794	850	14494	4	19	16	32	16	5	16094	Yes
1075	257	767	851	13023	7	17	11	31	20	5	13023	Yes
1076	257	742	851	13023	7	17	11	30	19	5	13423	Yes
1077	31	470	852	14140	6	20	2	19	17	5	15340	Yes
1078	31	545	852	14140	6	20	2	22	20	5	14140	Yes
1079	430	821	853	13797	5	21	18	33	15	5	15797	Yes
1080	27	468	854	13062	2	18	2	19	17	5	14262	Yes
1081	531	942	855	13511	6	17	22	38	16	5	15111	Yes
1082	277	773	856	14579	2	23	12	31	19	5	14979	Yes
1083	251	749	857	13912	1	24	11	30	19	5	14312	Yes
1084	52	569	858	13373	2	19	3	23	20	5	13373	Yes
1085	428	823	859	14916	3	23	18	33	15	5	16916	Yes
1086	257	673	860	14994	7	23	11	27	16	5	16594	Yes
1087	501	900	861	13655	1	25	21	36	15	5	15655	Yes
1088	6	424	862	13614	6	24	1	17	16	5	15214	Yes
1089	431	922	863	14682	6	22	18	37	19	5	15082	Yes
1090	431	872	863	14682	6	22	18	35	17	5	15882	Yes
1091	208	697	864	13967	8	22	9	28	19	5	14367	Yes
1092	408	794	865	13408	8	19	17	32	15	5	15408	Yes
1093	457	917	866	13023	7	17	19	37	18	5	13823	Yes
1094	329	796	867	14710	4	21	14	32	18	5	15510	Yes
1095	134	544	868	14122	9	19	6	22	16	5	15722	Yes
1096	357	846	869	14387	7	21	15	34	19	5	14787	Yes
1097	357	771	869	14387	7	21	15	31	16	5	15987	Yes
1098	383	869	870	13408	8	19	16	35	19	5	13808	Yes
1099	308	772	871	13967	8	22	13	31	18	5	14767	Yes
1100	401	868	872	13840	1	18	17	35	18	5	14640	Yes
1101	401	793	872	13840	1	18	17	32	15	5	15840	Yes
1102	380	874	873	14686	5	24	16	35	19	5	15086	Yes
1103	552	971	874	14931	2	21	23	39	16	5	16531	Yes
1104	530	947	875	14738	5	22	22	38	16	5	16338	Yes
1105	530	972	875	14738	5	22	22	39	17	5	15938	Yes
1106	278	772	876	14901	3	22	12	31	19	5	15301	Yes
1107	278	747	876	14901	3	22	12	30	18	5	15701	Yes
1108	526	950	877	13655	1	25	22	38	16	5	15255	Yes
1109	52	497	878	14927	2	22	3	20	17	5	16127	Yes
1110	52	522	878	14927	2	22	3	21	18	5	15727	Yes
1111	501	897	879	13375	1	22	21	36	15	5	15375	Yes
1112	4	393	880	13428	4	18	1	16	15	5	15428	Yes
1113	54	521	881	14710	4	21	3	21	18	5	15510	Yes
1114	258	772	882	13967	8	22	11	31	20	5	13967	Yes
1115	580	972	883	14738	5	22	24	39	15	5	16738	Yes
1116	306	724	884	13614	6	24	13	29	16	5	15214	Yes
1117	306	774	884	13614	6	24	13	31	18	5	14414	Yes
1118	306	799	884	13614	6	24	13	32	19	5	14014	Yes
1119	209	670	885	13140	9	20	9	27	18	5	13940	Yes
1120	159	545	886	13140	9	20	7	22	15	5	15140	Yes
1121	32	423	887	14994	7	23	2	17	15	5	16994	Yes
1122	378	823	888	14916	3	23	16	33	17	5	16116	Yes
1123	379	873	889	14117	4	23	16	35	19	5	14517	Yes
1124	109	572	890	13713	9	22	5	23	18	5	14513	Yes
1125	529	992	891	13767	4	17	22	40	18	5	14567	Yes
1126	529	917	891	13767	4	17	22	37	15	5	15767	Yes
1127	56	522	892	14682	6	22	3	21	18	5	15482	Yes
1128	252	695	893	13620	2	20	11	28	17	5	14820	Yes
1129	379	819	894	14494	4	19	16	33	17	5	15694	Yes
1130	532	996	895	14387	7	21	22	40	18	5	15187	Yes
1131	59	475	896	14278	9	25	3	19	16	5	15878	Yes
1132	34	547	897	13713	9	22	2	22	20	5	13713	Yes
1133	251	669	898	13869	1	19	11	27	16	5	15469	Yes
1134	355	771	899	13797	5	21	15	31	16	5	15397	Yes
1135	355	796	899	13797	5	21	15	32	17	5	14997	Yes
1136	459	899	900	13886	9	24	19	36	17	5	15086	Yes
1137	459	874	900	13886	9	24	19	35	16	5	15486	Yes
1138	308	773	901	13115	8	23	13	31	18	5	13915	Yes
1139	530	969	902	14893	5	19	22	39	17	5	16093	Yes
1140	578	994	903	13026	3	19	24	40	16	5	14626	Yes
1141	256	718	904	14903	6	18	11	29	18	5	15703	Yes
1142	232	649	905	14702	7	24	10	26	16	5	16302	Yes
1143	329	772	906	14266	4	22	14	31	17	5	15466	Yes
1144	531	925	907	13119	6	25	22	37	15	5	15119	Yes
1145	531	1000	907	13119	6	25	22	40	18	5	13919	Yes
1146	159	647	908	13713	9	22	7	26	19	5	14113	Yes
1147	176	698	909	13355	1	23	8	28	20	5	13355	Yes
1148	176	648	909	13355	1	23	8	26	18	5	14155	Yes
1149	282	722	910	13887	7	22	12	29	17	5	15087	Yes
1150	282	697	910	13887	7	22	12	28	16	5	15487	Yes
1151	283	750	911	13994	8	25	12	30	18	5	14794	Yes
1152	278	719	912	13026	3	19	12	29	17	5	14226	Yes
1153	176	694	913	13869	1	19	8	28	20	5	13869	Yes
1154	81	595	914	14140	6	20	4	24	20	5	14140	Yes
1155	351	769	915	13869	1	19	15	31	16	5	15469	Yes
1156	101	574	916	13912	1	24	5	23	18	5	14712	Yes
1157	234	721	917	13225	9	21	10	29	19	5	13625	Yes
1158	284	723	918	14566	9	23	12	29	17	5	15766	Yes
1159	153	617	919	14555	3	17	7	25	18	5	15355	Yes
1160	159	668	920	13548	9	18	7	27	20	5	13548	Yes
1161	502	894	921	13373	2	19	21	36	15	5	15373	Yes
1162	401	797	922	13375	1	22	17	32	15	5	15375	Yes
1163	479	942	923	13767	4	17	20	38	18	5	14567	Yes
1164	479	917	923	13767	4	17	20	37	17	5	14967	Yes
1165	602	995	924	13620	2	20	25	40	15	5	15620	Yes
1166	151	547	925	13375	1	22	7	22	15	5	15375	Yes
1167	230	699	926	14686	5	24	10	28	18	5	15486	Yes
1168	331	843	927	14903	6	18	14	34	20	5	14903	Yes
1169	480	868	928	13060	5	18	20	35	15	5	15060	Yes
1170	354	819	929	14494	4	19	15	33	18	5	15294	Yes
1171	30	419	930	14893	5	19	2	17	15	5	16893	Yes
1172	30	444	930	14893	5	19	2	18	16	5	16493	Yes
1173	101	546	931	14700	1	21	5	22	17	5	15900	Yes
1174	231	669	932	14790	6	19	10	27	17	5	15990	Yes
1175	231	719	932	14790	6	19	10	29	19	5	15190	Yes
1176	380	818	933	13060	5	18	16	33	17	5	14260	Yes
1177	352	872	934	14927	2	22	15	35	20	5	14927	Yes
1178	32	472	935	13887	7	22	2	19	17	5	15087	Yes
1179	5	400	936	13151	5	25	1	16	15	5	15151	Yes
1180	482	947	937	13887	7	22	20	38	18	5	14687	Yes
1181	503	969	938	13026	3	19	21	39	18	5	13826	Yes
1182	233	642	939	13295	8	17	10	26	16	5	14895	Yes
1183	476	1000	940	13655	1	25	20	40	20	5	13655	Yes
1184	257	772	941	13887	7	22	11	31	20	5	13887	Yes
1185	451	920	942	13089	1	20	19	37	18	5	13889	Yes
1186	457	869	943	13339	7	19	19	35	16	5	14939	Yes
1187	480	873	944	13068	5	23	20	35	15	5	15068	Yes
1188	228	618	945	13264	3	18	10	25	15	5	15264	Yes
1189	477	917	946	13299	2	17	20	37	17	5	14499	Yes
1190	433	871	947	13229	8	21	18	35	17	5	14429	Yes
1191	433	946	947	13229	8	21	18	38	20	5	13229	Yes
1192	327	796	948	14931	2	21	14	32	18	5	15731	Yes
1193	427	943	949	13062	2	18	18	38	20	5	13062	Yes
1194	427	843	949	13062	2	18	18	34	16	5	14662	Yes
1195	451	869	950	13869	1	19	19	35	16	5	15469	Yes
1196	132	570	951	13835	7	20	6	23	17	5	15035	Yes
1197	53	444	952	13026	3	19	3	18	15	5	15026	Yes
1198	377	771	953	14931	2	21	16	31	15	5	16931	Yes
1199	355	748	954	13068	5	23	15	30	15	5	15068	Yes
1200	229	649	955	13282	4	24	10	26	16	5	14882	Yes
1201	502	924	956	14998	2	24	21	37	16	5	16598	Yes
1202	605	998	957	13068	5	23	25	40	15	5	15068	Yes
1203	182	694	958	13339	7	19	8	28	20	5	13339	Yes
1204	59	442	959	14405	9	17	3	18	15	5	16405	Yes
1205	458	947	960	13967	8	22	19	38	19	5	14367	Yes
1206	609	997	961	13713	9	22	25	40	15	5	15713	Yes
1207	478	895	962	13922	3	20	20	36	16	5	15522	Yes
1208	478	945	962	13922	3	20	20	38	18	5	14722	Yes
1209	507	974	963	14702	7	24	21	39	18	5	15502	Yes
1210	502	895	964	13620	2	20	21	36	15	5	15620	Yes
1211	502	920	964	13620	2	20	21	37	16	5	15220	Yes
1212	359	842	965	14405	9	17	15	34	19	5	14805	Yes
1213	401	822	966	13375	1	22	17	33	16	5	14975	Yes
1214	401	847	966	13375	1	22	17	34	17	5	14575	Yes
1215	209	600	967	14278	9	25	9	24	15	5	16278	Yes
1216	576	996	968	14700	1	21	24	40	16	5	16300	Yes
1217	580	971	969	13797	5	21	24	39	15	5	15797	Yes
1218	309	773	970	14566	9	23	13	31	18	5	15366	Yes
1219	309	723	970	14566	9	23	13	29	16	5	16166	Yes
1220	477	950	971	13959	2	25	20	38	18	5	14759	Yes
1221	256	693	972	14903	6	18	11	28	17	5	16103	Yes
1222	553	974	973	14452	3	24	23	39	16	5	16052	Yes
1223	7	499	974	14702	7	24	1	20	19	5	15102	Yes
1224	479	925	975	14312	4	25	20	37	17	5	15512	Yes
1225	433	923	976	13115	8	23	18	37	19	5	13515	Yes
1226	406	822	977	14682	6	22	17	33	16	5	16282	Yes
1227	406	897	977	14682	6	22	17	36	19	5	15082	Yes
1228	402	798	978	14579	2	23	17	32	15	5	16579	Yes
1229	5	521	979	13797	5	21	1	21	20	5	13797	Yes
1230	426	945	980	13089	1	20	18	38	20	5	13089	Yes
1231	183	645	981	13774	8	20	8	26	18	5	14574	Yes
1232	452	948	982	14579	2	23	19	38	19	5	14979	Yes
1233	452	898	982	14579	2	23	19	36	17	5	15779	Yes
1234	205	722	983	14738	5	22	9	29	20	5	14738	Yes
1235	427	950	984	13959	2	25	18	38	20	5	13959	Yes
1236	303	719	985	13026	3	19	13	29	16	5	14626	Yes
1237	280	697	986	14738	5	22	12	28	16	5	16338	Yes
1238	84	570	987	13140	9	20	4	23	19	5	13540	Yes
1239	34	497	988	13713	9	22	2	20	18	5	14513	Yes
1240	428	825	989	14873	3	25	18	33	15	5	16873	Yes
1241	428	850	989	14873	3	25	18	34	16	5	16473	Yes
1242	428	950	989	14873	3	25	18	38	20	5	14873	Yes
1243	131	622	990	14682	6	22	6	25	19	5	15082	Yes
1244	326	825	991	13655	1	25	14	33	19	5	14055	Yes
1245	326	850	991	13655	1	25	14	34	20	5	13655	Yes
1246	609	996	992	13225	9	21	25	40	15	5	15225	Yes
1247	453	947	993	14901	3	22	19	38	19	5	15301	Yes
1248	453	972	993	14901	3	22	19	39	20	5	14901	Yes
1249	158	624	994	13286	8	24	7	25	18	5	14086	Yes
1250	158	599	994	13286	8	24	7	24	17	5	14486	Yes
1251	176	592	995	14432	1	17	8	24	16	5	16032	Yes
1252	359	820	996	13140	9	20	15	33	18	5	13940	Yes
1253	359	870	996	13140	9	20	15	35	20	5	13140	Yes
1254	359	770	996	13140	9	20	15	31	16	5	14740	Yes
1255	106	620	997	14140	6	20	5	25	20	5	14140	Yes
1256	106	545	997	14140	6	20	5	22	17	5	15340	Yes
1257	106	570	997	14140	6	20	5	23	18	5	14940	Yes
1258	180	592	998	13452	5	17	8	24	16	5	15052	Yes
1259	180	667	998	13452	5	17	8	27	19	5	13852	Yes
1260	78	467	999	14555	3	17	4	19	15	5	16555	Yes
1261	455	842	1000	13452	5	17	19	34	15	5	15452	Yes
