#Order	Acceptance Ratio
1	0.20516927044696998
2	0.05700290807862818
3	0.22676095740467284
4	0.47368940587641817
5	0.9291501554647609
6	0.8339327945373948
7	0.21478273204272624
8	0.25637299301436367
9	0.3544415450228352
10	0.8854722702001209
11	0.47460734461066667
12	0.45177200953093855
13	0.5613514027372336
14	0.9575812931692441
15	0.9031266440389506
16	0.7273895691487356
17	0.14720710891170052
18	0.20801046773414167
19	0.6640107390692257
20	0.22112545297592434
21	0.14193590952526114
22	0.3953936663562141
23	0.7445239342603845
24	0.9053280186272956
25	0.9453381697042682
26	0.9956439982609235
27	0.8383636736879236
28	0.7876385817052862
29	0.7692605877024086
30	0.33260448302914847
31	0.16562743240018907
32	0.026757522447977022
33	0.43320781564177846
34	0.19886087658937046
35	0.025883190765060515
36	0.9089559266476817
37	0.6866254536846292
38	0.69142194327483
39	0.6119601867056724
40	0.7822123868019236
41	0.7154515271095597
42	0.6975752975957473
43	0.30114227446895425
44	0.9767090529348793
45	0.7980820454808787
46	0.3143163252592278
47	0.10661471483087259
48	0.578826476725865
49	0.7602030091931087
50	0.16768834566479074
51	0.43774756403351367
52	0.38205211372717407
53	0.5383325255320566
54	0.5115143332051271
55	0.9382507520044986
56	0.9046504329174883
57	0.9331830186621202
58	0.8450887519058524
59	0.27733956434903195
60	0.027852568143217127
61	0.430257929561468
62	0.8607459227217321
63	0.2648686586288381
64	0.31449822288529905
65	0.1292385840415008
66	0.8643573203221471
67	0.630232233207236
68	0.7781229855361705
69	0.36080579768795007
70	0.46340420208508326
71	0.009607204075721909
72	0.5820203011223101
73	0.3602301497355802
74	0.8190713048171653
75	0.7082923701431221
76	0.822513834734916
77	0.8147921434038128
78	0.5031397437100741
79	0.06015837614267261
80	0.24146981643587262
81	0.9015989347475906
82	0.22512295554319806
83	0.9675118712011702
84	0.023494608916272863
85	0.6994130838837439
86	0.24889640185678352
87	0.8018301297083864
88	0.22284829978817422
89	0.5851660531843526
90	0.5895486493522081
91	0.3128455347575866
92	0.8374754085944139
93	0.17651953763453276
94	0.9947249182957499
95	0.4592945193066258
96	0.2543227884157926
97	0.7551033019973787
98	0.19730131486254765
99	0.693455577451829
100	0.2850460451888994
101	0.6567575966947804
102	0.5321651437765365
103	0.47306020919471325
104	0.3925884711786649
105	0.1921279361532967
106	0.42847978312711665
107	0.20508381076964388
108	0.5882535911433954
109	0.4748965655670424
110	0.1481503722379527
111	0.6465380888470399
112	0.08611068931452903
113	0.46071919225234825
114	0.45803036254777607
115	0.05662734923325918
116	0.3464840349826821
117	0.577465672245266
118	0.5838251718795416
119	0.5989618992990968
120	0.0770498412995716
121	0.3718072629204313
122	0.2638571260731578
123	0.11347836703132519
124	0.598241711590034
125	0.9918316842815846
126	0.39242254009200384
127	0.5449573140691977
128	0.49287354767397773
129	0.345122321884652
130	0.6952152588796463
131	0.23661918070068744
132	0.06038308831913375
133	0.46433894125439445
134	0.8532341366055559
135	0.44611582472600364
136	0.04288406128693867
137	0.28100523166973856
138	0.5946697078352918
139	0.7010076419638526
140	0.3888837489542619
141	0.9529151793136184
142	0.7412382741543287
143	0.06785544094150175
144	0.5419449523041912
145	0.0720997828542802
146	0.8216035640407671
147	0.4750345985958926
148	0.996048307475613
149	0.34706803095839023
150	0.0725699342384506
151	0.9790597772721588
152	0.7412499896153224
153	0.49518535489023896
154	0.978289223910651
155	0.6381620681773943
156	0.316248652207727
157	0.24659201880502424
158	0.6262111514137837
159	0.9309230162929599
160	0.8212641233420881
161	0.0962712743148939
162	0.7970473264338976
163	0.7587844060444819
164	0.7778149225699343
165	0.23656665889107942
166	0.44805741612461136
167	0.3284523347169599
168	0.617678428298264
169	0.13800805964084528
170	0.40831611039265503
171	0.4345817861940895
172	0.7139644885948446
173	0.5838510815135127
174	0.21642712358030103
175	0.14367341032868042
176	0.8884451720773832
177	0.019450062867210405
178	0.8654616536970573
179	0.8905966377834381
180	0.77984649685684
181	0.6139683125785429
182	0.1273581941192664
183	0.607705784564589
184	0.3543361994543892
185	0.9971154852080258
186	0.910729950166304
187	0.07157286967693233
188	0.2964626923665742
189	0.40630761349865396
190	0.12086061147198468
191	0.6358604548738057
192	0.6776307577405425
193	0.2049931311393821
194	0.19355166983150462
195	0.7088323954202823
196	0.7366168169017401
197	0.21262841361643559
198	0.3772858645896856
199	0.2376465870973049
200	0.07964703066762135
201	0.06888833438390973
202	0.014765981106765302
203	0.8145279023878561
204	0.29786904193651276
205	0.6220526343350768
206	0.7337548645671658
207	0.1791744633889364
208	0.39201098614404983
209	0.7691178685160697
210	0.5845592596081546
211	0.5816321100566999
212	0.20268352990026917
213	0.8617740888015823
214	0.8438562022052222
215	0.5601072642118476
216	0.7408839938418192
217	0.028341542243281337
218	0.1697969096473091
219	0.020079880016179108
220	0.5166513197497348
221	0.8315862918367714
222	0.05596820000299507
223	0.7122386894639404
224	0.6943930960680917
225	0.7746389759965586
226	0.6953859632783945
227	0.7771774850792469
228	0.7837107280952039
229	0.7028269801906201
230	0.452049860868746
231	0.5975009462822667
232	0.07961412746400798
233	0.922944143789816
234	0.7221921490148197
235	0.8579719188415054
236	0.172724497132554
237	0.32710190997148525
238	0.9888176961226335
239	0.32757563367551434
240	0.04074262317651056
241	0.9729189081174363
242	0.7702894244627216
243	0.27923783866754237
244	0.5613011775898811
245	0.7811167234493099
246	0.5037262543258902
247	0.44666846541692506
248	0.6392093797871422
249	0.7736650640404276
250	0.035800342328976775
251	0.22813881574722328
252	0.9939900631842365
253	0.9349506700220955
254	0.5564525075316579
255	0.13969006005660523
256	0.24061651508918813
257	0.5883153037356021
258	0.8004031154898542
259	0.782770652316442
260	0.8838068684514908
261	0.6394447129568286
262	0.14704984986283787
263	0.47156472395715676
264	0.6455026087458559
265	0.7432688572533119
266	0.8009581429257949
267	0.5345081607249909
268	0.16672280992978394
269	0.48768992653106
270	0.4175027302634713
271	0.23820078826239743
272	0.09324590245349029
273	0.08815874307056504
274	0.5908264836163164
275	0.17837672370099
276	0.10382672402431248
277	0.022391760129599203
278	0.04985009031046039
279	0.09906111806693407
280	0.08990317777133972
281	0.9779307914357492
282	0.1487917200951584
283	0.9899284524512006
284	0.9543335150198572
285	0.8167012167365244
286	0.5079216100226589
287	0.6176436755145608
288	0.7926141314516297
289	0.9263291186771075
290	0.2253582223836481
291	0.4548800377369858
292	0.36945515781706284
293	0.8416810275319502
294	0.8830166251635698
295	0.3804758164696478
296	0.9803194122267787
297	0.7059489404543516
298	0.7527676523405833
299	0.9022731943880932
300	0.10807641793394829
301	0.5588321733895165
302	0.6042716248750303
303	0.014849159375202703
304	0.9353352039321232
305	0.2990912898361229
306	0.8497037027343457
307	0.17893083842877
308	0.6124037928080003
309	0.5893313662901325
310	0.8860126554180113
311	0.47261158615399923
312	0.2984431739797303
313	0.4196906654830018
314	0.07603911429694998
315	0.30758897009297526
316	0.4681479827021211
317	0.2084793301675305
318	0.3974437700795116
319	0.8873612603627172
320	0.6734697179156106
321	0.6875740201243722
322	0.3545830682449377
323	0.37558062221055954
324	0.6573977628876796
325	0.10701703592954626
326	0.8786691085581531
327	0.373352048294078
328	0.6484314448941483
329	0.3425584323623754
330	0.06423531144998551
331	0.12408922750520646
332	0.3451490239567683
333	0.7386286871050893
334	0.41650969848458774
335	0.01866272524284618
336	0.582230494960109
337	0.2653292311222579
338	0.36779430431153703
339	0.181114984975434
340	0.7726938358910966
341	0.5327923213936229
342	0.46456620459657283
343	0.8920510132417317
344	0.16015010429062548
345	0.122984518890068
346	0.23809511434296593
347	0.03799353407029449
348	0.752259024032272
349	0.746087559349839
350	0.06574014893501956
351	0.6407243381030703
352	0.936373654459934
353	0.32705548812642316
354	0.2843632071980473
355	0.5505606588143938
356	0.4482406061713109
357	0.24669534031808826
358	0.32834183402146144
359	0.4133450977367048
360	0.5057660359977612
361	0.46158561298632705
362	0.16700128172075113
363	0.7101525027315
364	0.8133121726940343
365	0.26087314613839985
366	0.2800356289807322
367	0.5891935790640194
368	0.7868371634704966
369	0.1897318090266048
370	0.8819851717360074
371	0.6900816675258785
372	0.3579327098290487
373	0.8114221908938976
374	0.5541888865124489
375	0.3931102752750898
376	0.21459215709055135
377	0.8961674633653464
378	0.33272293273516895
379	0.5109074436470414
380	0.06933842499700604
381	0.18232241922545656
382	0.39577758683821973
383	0.8657919615885141
384	0.3562146934483128
385	0.34789362331487683
386	0.8400494023757756
387	0.2691337969372004
388	0.042328249708546095
389	0.20516356209114983
390	0.16930606899533696
391	0.5406408655275459
392	0.6686264132033383
393	0.3792495934743565
394	0.00797724658983101
395	0.5167644146511426
396	0.7115371856686536
397	0.728920379237418
398	0.8418198815950414
399	0.0711229753565612
400	0.3538826717551422
401	0.8032677787727228
402	0.5205094361670012
403	0.351276428175589
404	0.26692506938494964
405	0.5804247023806807
406	0.25296621202100467
407	0.31303447434767284
408	0.8359223275269052
409	0.4505409112675818
410	0.040156962201093216
411	0.5359655599002663
412	0.6526877278498591
413	0.3871269169158488
414	0.9266489523320103
415	0.6709718837662673
416	0.628105496949034
417	0.9997456420515696
418	0.01160673269771606
419	0.6669304628122951
420	0.9223710484052139
421	0.20847604690087196
422	0.10005618059612109
423	0.04490007278420305
424	0.367993096956549
425	0.5274884859184078
426	0.5748606262204036
427	0.7410169158170649
428	0.7864713267776331
429	0.7104913001200602
430	0.045050943554696854
431	0.3173256594187057
432	0.4428103209944573
433	0.3212801974335652
434	0.25913471664188503
435	0.5136062442710521
436	0.22537326135088542
437	0.6151556704934621
438	0.9746536169973662
439	0.6954084619298102
440	0.9797986444662644
441	0.00778830097347083
442	0.06468806764004231
443	0.5852401568458157
444	0.7258773747105728
445	0.5637868965616434
446	0.10709432570594524
447	0.3810054915370298
448	0.4908786826265543
449	0.8937264161375073
450	0.9852868969547784
451	0.5949873999644452
452	0.8661674662868067
453	0.5618929179304598
454	0.14310062992320793
455	0.14168004313354343
456	0.7618040113947666
457	0.10322601921096985
458	0.6041461320504727
459	0.8838879866455353
460	0.33126345446575667
461	0.8293194068699296
462	0.27566038625616796
463	0.32129219468365755
464	0.23773696972026903
465	0.0702138722358413
466	0.43593454074840565
467	0.6806722877429725
468	0.36009821417487675
469	0.9544819286297623
470	0.025945769052488243
471	0.4089250583003313
472	0.5540665661818384
473	0.5778710208535702
474	0.9684802982844701
475	0.7758198621149557
476	0.6920506357670874
477	0.5468349785046224
478	0.09923936297001312
479	0.48263123660785356
480	0.27116977276793996
481	0.7413954014121898
482	0.9836616035580323
483	0.4535069854999223
484	0.8952718334839499
485	0.4473979516518566
486	0.9498499611948218
487	0.7576986056490149
488	0.39131393211033727
489	0.021974686674736676
490	0.6220561444275697
491	0.3969670561879912
492	0.31047733898593277
493	0.49641429624182676
494	0.7858199595925344
495	0.33886123762029485
496	0.2924973566550698
497	0.9159313462299
498	0.027637578391557227
499	0.5978000501939943
500	0.8926973737230588
501	0.08316023848680587
502	0.2691252788991365
503	0.055443849859318495
504	0.30637634561082483
505	0.48997899129021105
506	0.8520320446399458
507	0.7889362423289239
508	0.48515579314804813
509	0.3670929827005236
510	0.32439978376251377
511	0.09652694714478949
512	0.9862590295911764
513	0.6511963670099915
514	0.8119602808500681
515	0.24501527519888444
516	0.48496575942099196
517	0.7371548577648344
518	0.11757226320480652
519	0.17377445637141453
520	0.10259361544069512
521	0.8315551231776744
522	0.6660386855692654
523	0.4764204979176979
524	0.3829478026716232
525	0.511396893439453
526	0.9803047340448817
527	0.17897533652999587
528	0.49129095774876386
529	0.6625965907937723
530	0.9559864660274356
531	0.14411113271395148
532	0.35795229068922607
533	0.9218999446010279
534	0.1965186623068953
535	0.12812418659897773
536	0.9025601789868585
537	0.43681445454687395
538	0.9000189556885979
539	0.9965893463706029
540	0.7178785595875161
541	0.17432551955605335
542	0.7404203134570002
543	0.8256290171049946
544	0.8402485024377508
545	0.22283445653379597
546	0.6374828400969702
547	0.3644140940499384
548	0.10661019007173911
549	0.08238802419325186
550	0.41813244118432824
551	0.3280464912224226
552	0.4732969956675336
553	0.7353981991584122
554	0.08734503425872653
555	0.01416670060210945
556	0.43631597803756483
557	0.8674064626098011
558	0.4555755793110847
559	0.27126493182601674
560	0.01654515125642042
561	0.8442258331555369
562	0.5491713410911934
563	0.652391393452465
564	0.44534684718320283
565	0.33399598284814014
566	0.30160158625719125
567	0.6191356987665569
568	0.1909218922584881
569	0.37808498990602357
570	0.9577867119214466
571	0.8598068653624221
572	0.1916082376210222
573	0.8068204563772984
574	0.03789149473109521
575	0.3714979092485199
576	0.9509367231129499
577	0.06421458524190948
578	0.6788772107915207
579	0.8720376926236896
580	0.748207205557257
581	0.3583468485849892
582	0.18298301238452408
583	0.6658324605134123
584	0.11041697412078855
585	0.6726446521566559
586	0.03780303735652202
587	0.0615124095229751
588	0.772803318689904
589	0.11809129699699361
590	0.6434883091898123
591	0.01001600787993484
592	0.12425849775131059
593	0.7428863343296411
594	0.7116176616183375
595	0.02060898566918179
596	0.7749948900070288
597	0.10914189650011008
598	0.9498216879313158
599	0.11516807421471931
600	0.2997491062670429
601	0.42808904674305004
602	0.815976244294662
603	0.0044555171777930225
604	0.6019032355864182
605	0.8244897468754515
606	0.16977348075117626
607	0.5180079034710701
608	0.23524148113470122
609	0.08647864652505177
610	0.866637743309815
611	0.02158035442954198
612	0.66256528647634
613	0.05816039051236821
614	0.401151838886908
615	0.3264078557211947
616	0.21697091024929593
617	0.305518450291448
618	0.19148278533263763
619	0.022118452137363853
620	0.3010691907856652
621	0.49989428179648565
622	0.25752951504321997
623	0.3558993200409254
624	0.19775174119884908
625	0.3119212576084657
626	0.4129792773425529
627	0.07104840788096989
628	0.747806671228718
629	0.8266815745344133
630	0.4658672654736027
631	0.0013554790896092017
632	0.9622620070348727
633	0.2625917420822028
634	0.9666524863769522
635	0.9897079905923846
636	0.4063002327167725
637	0.3603280558648474
638	0.0978125766641662
639	0.26822109398153227
640	0.24358735586882063
641	0.9402052435172459
642	0.8395610331258415
643	0.7238570400103074
644	0.07235739684257869
645	0.9343295227900766
646	0.8987374915774934
647	0.9738877602420433
648	0.3625609015030733
649	0.09168613230602574
650	0.8065816590356921
651	0.11754851628225171
652	0.438660659874737
653	0.7978083923768765
654	0.5759999646746387
655	0.41010606741976596
656	0.29312254171447216
657	0.8918185964442106
658	0.0017945850574901945
659	0.015740933140715785
660	0.5452599723841725
661	0.9827347119089554
662	0.6222601702326862
663	0.7839565517418011
664	0.5682855814161307
665	0.23228591616465066
666	0.4409728728226172
667	0.29411122529010914
668	0.22335011797407867
669	0.38690403237188875
670	0.29887314264186904
671	0.19147585896229946
672	0.05535642155765641
673	0.4513532964823418
674	0.4312187882788313
675	0.8175677757456804
676	0.448889489291333
677	0.10479856321670733
678	0.89483754466036
679	0.2853703801885715
680	0.9956310697338283
681	0.26967285717181944
682	0.3578158235257066
683	0.33647904229463144
684	0.24196354335857384
685	0.7616690380467376
686	0.2924628128595258
687	0.843309407359697
688	0.8007910963480133
689	0.9267832361021802
690	0.24862020937869433
691	0.7250662836170779
692	0.9820757089854536
693	0.31374030382287044
694	0.6540753510553938
695	0.9526150311277723
696	0.2512782400532243
697	0.5383445893279851
698	0.9369861490642489
699	0.009962763403761898
700	0.336016046781485
701	0.39474881702284925
702	0.5058032750983267
703	0.31347116530087527
704	0.9063633919249735
705	0.662842797890631
706	0.887771426136495
707	0.07039400850171629
708	0.5743091826004781
709	0.47463952826513456
710	0.7443024276934218
711	0.3675858859673399
712	0.9374928298448097
713	0.05267428713894873
714	0.28231909034451286
715	0.659136323301887
716	0.10072693023958301
717	0.49379552022920803
718	0.8199011619117794
719	0.890274166023204
720	0.053150238504563685
721	0.9358628060534555
722	0.9143892867510174
723	0.9904678121003834
724	0.14673717795603236
725	0.9398783306700521
726	0.9374502714513063
727	0.9545347270066539
728	0.23259654042845612
729	0.8329225095249038
730	0.46139299185287264
731	0.44576767181287913
732	0.7671283420164761
733	0.0775551136864161
734	0.3732638678362288
735	0.11228175668199603
736	0.6865540743588222
737	0.46759552532617055
738	0.3666289747985796
739	0.08609157443783144
740	0.9962571661364965
741	0.8175707670307194
742	0.6591538192059403
743	0.061611820932984784
744	0.06083242807426792
745	0.3331564702787225
746	0.7710026918850762
747	0.4051874249720234
748	0.5509560993861905
749	0.00023696739434841962
750	0.9213109031156843
751	0.07761648859767556
752	0.2129079513043689
753	0.9594494893877246
754	0.05909841849381414
755	0.5332195262371089
756	0.17007353849530105
757	0.6541671361944079
758	0.24386635601782236
759	0.6203187160618073
760	0.5124786438356982
761	0.9106171502619674
762	0.24042432214210263
763	0.6061338455705175
764	0.4912847907371346
765	0.34935636027132677
766	0.3078002207534076
767	0.655922781085264
768	0.1724399273152034
769	0.6409734324087771
770	0.3301646098015618
771	0.4523679708464776
772	0.2513647776652048
773	0.014565213893641071
774	0.6230379179362125
775	0.5980356508439179
776	0.5714532568426999
777	0.8154987713044721
778	0.74393990435594
779	0.1178827402768654
780	0.6102239361439942
781	0.3065059569615105
782	0.8215471115142374
783	0.21634523305672582
784	0.3106954100261201
785	0.27656992258231083
786	0.4500342965381867
787	0.42584555306741334
788	0.8702167393777722
789	0.7543872125880287
790	0.8867583489190896
791	0.9503544819396695
792	0.294063637156874
793	0.017823736488193354
794	0.35422356195877924
795	0.09397145605291346
796	0.7370847113089521
797	0.9405808728974284
798	0.8201850236406962
799	0.387023420112408
800	0.9087320320895125
801	0.23095291127421425
802	0.9199883378887744
803	0.49281121795411487
804	0.18465445737134212
805	0.2287923406829261
806	0.23716148217692257
807	0.9433543538513611
808	0.1512245484712753
809	0.9317658551815838
810	0.5762100496204554
811	0.473650258320525
812	0.4312428815209316
813	0.16625393564298208
814	0.6502316313016675
815	0.4281772651378014
816	0.423395427427408
817	0.9454004296845039
818	0.07814015368883132
819	0.5772923455438526
820	0.14210243222064844
821	0.28766789230719514
822	0.49867109406403376
823	0.2705313395453328
824	0.7478048492221152
825	0.447941586521413
826	0.3543021862582092
827	0.8374315702730307
828	0.4439677996317968
829	0.1797508672135235
830	0.9258921849977326
831	0.49617881313516277
832	0.5366467136196365
833	0.33756462957347577
834	0.7443512737862948
835	0.6841528519729373
836	0.2191758335794758
837	0.40094212098769166
838	0.3912102799014797
839	0.49334308287896855
840	0.020867312403908822
841	0.16532281603356624
842	0.2987786056250229
843	0.8903437794068987
844	0.8161237868848144
845	0.3646225528923177
846	0.0058214477259653785
847	0.5214358347414849
848	0.48083374878452634
849	0.5998366851692136
850	0.49257998308806006
851	0.06433619773532318
852	0.8042937943281668
853	0.8776866253809115
854	0.3716634573392562
855	0.4690897006100483
856	0.3531243192349638
857	0.19863334753541928
858	0.2964522470662436
859	0.7459552692194832
860	0.8362906271509947
861	0.01522673585102785
862	0.1315322567544125
863	0.3410736043252235
864	0.9618425742274562
865	0.5823733620906434
866	0.22683211635069744
867	0.7347579763476246
868	0.12644466034576296
869	0.8262697994457899
870	0.8877229593023213
871	0.3721360729940688
872	0.8287595263572207
873	0.7305892124697589
874	0.09079551063718971
875	0.9094221030209773
876	0.39553223075104094
877	0.5884636211938417
878	0.21330401949940148
879	0.2974856769871759
880	0.0061026124368555035
881	0.8097707324163378
882	0.4701539230909383
883	0.2691958672336312
884	0.26119488003470515
885	0.594676597858132
886	0.015099871103209761
887	0.34171591128382306
888	0.9589727712391728
889	0.5391359693011645
890	0.33657811173848384
891	0.9605508935785927
892	0.6429170154845022
893	0.4180339613795291
894	0.3572223863244808
895	0.4707961206926512
896	0.8617014512888247
897	0.13170053930324377
898	0.4273998498688899
899	0.5301656425460589
900	0.37564290150264346
901	0.3260788031228675
902	0.8818482265227542
903	0.31838312696858173
904	0.9283615354808017
905	0.8916211205150415
906	0.7895433038075381
907	0.5290322694286191
908	0.501643707530279
909	0.49983744607243785
910	0.41441732850021995
911	0.4348369981325556
912	0.9813542441873776
913	0.7045423688206189
914	0.10029362304144396
915	0.2818259151709609
916	0.0402696637790001
917	0.027886581273662503
918	0.835427974045555
919	0.4808799807164963
920	0.21957888985305885
921	0.25965273154772894
922	0.8364810525094605
923	0.26707326238892637
924	0.8655749525411451
925	0.11748693945971167
926	0.7907991846295485
927	0.6637998048233898
928	0.6180683579361927
929	0.9204305765293617
930	0.2785449035267532
931	0.1807830123158295
932	0.5531595365483198
933	0.7456720914956977
934	0.9953450146391778
935	0.8194739303460604
936	0.8596402537170633
937	0.8128058281971119
938	0.5660578410029953
939	0.6094664871486605
940	0.35033693981008984
941	0.25196346333547004
942	0.12548461600876593
943	0.7178101196854856
944	0.7521575467177483
945	0.04322226067276913
946	0.708799218389336
947	0.9146155937327846
948	0.4375466075014851
949	0.5238451109510228
950	0.7176386327042878
951	0.46444567556196903
952	0.9098427227011195
953	0.8001633844962297
954	0.938349191746364
955	0.6870251286451707
956	0.07787636601469916
957	0.25011512855182905
958	0.44577850343537717
959	0.6131492976425632
960	0.7659057428686351
961	0.020462109262477268
962	0.10664816722308934
963	0.6350611394542196
964	0.8721998866559466
965	0.6601971447435958
966	0.11198543052665466
967	0.19594917357021568
968	0.08649911250999864
969	0.4128121718671013
970	0.30290859975317563
971	0.9266586462426343
972	0.7157895659128948
973	0.6566536859569599
974	0.26040879454906385
975	0.9482518506188274
976	0.6784761183190605
977	0.8252801652628111
978	0.002800929463269819
979	0.5676831552876072
980	0.28744901936534706
981	0.5900902257826752
982	0.7293001619621693
983	0.05472607658652373
984	0.5191037015729574
985	0.7634251096342467
986	0.8414887384321142
987	0.6725086174849142
988	0.9250616160310385
989	0.26253749741521637
990	0.5218636771708568
991	0.1608134348525465
992	0.370531311793283
993	0.2769472018646467
994	0.33374747254397397
995	0.2654156229796353
996	0.21380073838305014
997	0.8093798852955502
998	0.518023775132356
999	0.059510492421190775
1000	0.5905678815267995
