#Container_ID	Start_Node_ID	End_Node_ID	Order	Bottom Price	From	To	Release time	Due time	Expected transport time	Priority	Bid price	Transport Together?
1	3	725	1	14873	3	25	1	29	28	-1	16623	Free
2	3	800	1	14873	3	25	1	32	31	-1	15873	Free
3	6	849	2	13614	6	24	1	34	33	-1	14114	Free
4	78	775	3	14873	3	25	4	31	27	-1	16873	Free
5	78	900	3	14873	3	25	4	36	32	-1	15623	Free
6	205	1000	4	13151	5	25	9	40	31	-1	14151	Free
7	8	721	5	13229	8	21	1	29	28	-1	14979	Free
8	8	696	5	13229	8	21	1	28	27	-1	15229	Free
9	28	724	6	14452	3	24	2	29	27	-1	16452	Free
10	78	847	7	14901	3	22	4	34	30	-1	16151	Free
11	257	950	8	13326	7	25	11	38	27	-1	15326	Free
12	133	1000	9	13994	8	25	6	40	34	-1	14244	Free
13	76	797	10	13375	1	22	4	32	28	-1	15125	Free
14	58	874	11	13286	8	24	3	35	32	-1	14036	Free
15	105	997	12	14738	5	22	5	40	35	-1	14738	Free
16	105	872	12	14738	5	22	5	35	30	-1	15988	Free
17	182	872	13	13887	7	22	8	35	27	-1	15887	Free
18	59	767	14	14405	9	17	3	31	28	-1	16155	Free
19	182	946	15	14387	7	21	8	38	30	-1	15637	Free
20	182	921	15	14387	7	21	8	37	29	-1	15887	Free
21	159	867	16	14405	9	17	7	35	28	-1	16155	Free
22	152	873	17	14579	2	23	7	35	28	-1	16329	Free
23	5	796	18	13797	5	21	1	32	31	-1	14797	Free
24	34	918	19	13548	9	18	2	37	35	-1	13548	Free
25	202	948	20	14579	2	23	9	38	29	-1	16079	Free
26	202	998	20	14579	2	23	9	40	31	-1	15579	Free
27	251	971	21	14700	1	21	11	39	28	-1	16450	Free
28	251	946	21	14700	1	21	11	38	27	-1	16700	Free
29	306	998	22	14817	6	23	13	40	27	-1	16817	Free
30	31	894	23	14790	6	19	2	36	34	-1	15040	Free
31	31	769	23	14790	6	19	2	31	29	-1	16290	Free
32	276	996	24	14700	1	21	12	40	28	-1	16450	Free
33	106	1000	25	13119	6	25	5	40	35	-1	13119	Free
34	30	767	26	13452	5	17	2	31	29	-1	14952	Free
35	127	847	27	14927	2	22	6	34	28	-1	16677	Free
36	77	824	28	14998	2	24	4	33	29	-1	16498	Free
37	6	850	29	13119	6	25	1	34	33	-1	13619	Free
38	6	775	29	13119	6	25	1	31	30	-1	14369	Free
39	6	825	29	13119	6	25	1	33	32	-1	13869	Free
40	82	770	30	13835	7	20	4	31	27	-1	15835	Free
41	278	969	31	13026	3	19	12	39	27	-1	15026	Free
42	132	924	32	14702	7	24	6	37	31	-1	15702	Free
43	132	974	32	14702	7	24	6	39	33	-1	15202	Free
44	58	848	33	13115	8	23	3	34	31	-1	14115	Free
45	58	898	33	13115	8	23	3	36	33	-1	13615	Free
46	3	892	34	14555	3	17	1	36	35	-1	14555	Free
47	56	919	35	14790	6	19	3	37	34	-1	15040	Free
48	103	900	36	14873	3	25	5	36	31	-1	15873	Free
49	103	800	36	14873	3	25	5	32	27	-1	16873	Free
50	234	947	37	13713	9	22	10	38	28	-1	15463	Free
51	234	924	38	13886	9	24	10	37	27	-1	15886	Free
52	128	969	39	13026	3	19	6	39	33	-1	13526	Free
53	251	948	40	13355	1	23	11	38	27	-1	15355	Free
54	84	849	41	13886	9	24	4	34	30	-1	15136	Free
55	53	870	42	13922	3	20	3	35	32	-1	14672	Free
56	130	968	43	13060	5	18	6	39	33	-1	13560	Free
57	180	975	44	13151	5	25	8	39	31	-1	14151	Free
58	127	824	45	14998	2	24	6	33	27	-1	16998	Free
59	155	867	46	13452	5	17	7	35	28	-1	15202	Free
60	156	869	47	14790	6	19	7	35	28	-1	16540	Free
61	7	719	48	13339	7	19	1	29	28	-1	15089	Free
62	130	967	49	13452	5	17	6	39	33	-1	13952	Free
63	155	894	50	14893	5	19	7	36	29	-1	16393	Free
64	155	944	50	14893	5	19	7	38	31	-1	15893	Free
65	252	995	51	13620	2	20	11	40	29	-1	15120	Free
66	2	795	52	13620	2	20	1	32	31	-1	14620	Free
67	2	895	52	13620	2	20	1	36	35	-1	13620	Free
68	82	769	53	13339	7	19	4	31	27	-1	15339	Free
69	82	869	53	13339	7	19	4	35	31	-1	14339	Free
70	82	894	53	13339	7	19	4	36	32	-1	14089	Free
71	154	875	54	14312	4	25	7	35	28	-1	16062	Free
72	154	900	54	14312	4	25	7	36	29	-1	15812	Free
73	59	821	55	13225	9	21	3	33	30	-1	14475	Free
74	134	899	56	13886	9	24	6	36	30	-1	15136	Free
75	156	996	57	14904	6	21	7	40	33	-1	15404	Free
76	204	950	58	14312	4	25	9	38	29	-1	15812	Free
77	152	870	59	13620	2	20	7	35	28	-1	15370	Free
78	179	900	60	14312	4	25	8	36	28	-1	16062	Free
79	133	819	61	13408	8	19	6	33	27	-1	15408	Free
80	30	923	62	13068	5	23	2	37	35	-1	13068	Free
81	155	996	63	13797	5	21	7	40	33	-1	14297	Free
82	53	869	64	13026	3	19	3	35	32	-1	13776	Free
83	306	1000	65	13119	6	25	13	40	27	-1	15119	Free
84	107	872	66	13887	7	22	5	35	30	-1	15137	Free
85	258	999	67	13286	8	24	11	40	29	-1	14786	Free
86	127	944	68	13373	2	19	6	38	32	-1	14123	Free
87	127	919	68	13373	2	19	6	37	31	-1	14373	Free
88	127	869	68	13373	2	19	6	35	29	-1	14873	Free
89	1	898	69	13355	1	23	1	36	35	-1	13355	Free
90	106	798	70	14817	6	23	5	32	27	-1	16817	Free
91	52	799	71	14998	2	24	3	32	29	-1	16498	Free
92	52	874	71	14998	2	24	3	35	32	-1	15748	Free
93	59	845	72	13140	9	20	3	34	31	-1	14140	Free
94	59	945	72	13140	9	20	3	38	35	-1	13140	Free
95	134	948	73	14566	9	23	6	38	32	-1	15316	Free
96	26	746	74	14700	1	21	2	30	28	-1	16450	Free
97	80	900	75	13151	5	25	4	36	32	-1	13901	Free
98	84	823	76	14566	9	23	4	33	29	-1	16066	Free
99	5	818	77	13060	5	18	1	33	32	-1	13810	Free
100	59	825	78	14278	9	25	3	33	30	-1	15528	Free
101	154	973	79	14117	4	23	7	39	32	-1	14867	Free
102	154	848	79	14117	4	23	7	34	27	-1	16117	Free
103	26	773	80	13355	1	23	2	31	29	-1	14855	Free
104	232	945	81	13835	7	20	10	38	28	-1	15585	Free
105	28	894	82	13026	3	19	2	36	34	-1	13276	Free
106	28	794	82	13026	3	19	2	32	30	-1	14276	Free
107	4	724	83	13282	4	24	1	29	28	-1	15032	Free
108	254	999	84	13282	4	24	11	40	29	-1	14782	Free
109	207	947	85	13887	7	22	9	38	29	-1	15387	Free
110	2	844	86	13373	2	19	1	34	33	-1	13873	Free
111	226	1000	87	13655	1	25	10	40	30	-1	14905	Free
112	34	925	88	14278	9	25	2	37	35	-1	14278	Free
113	133	997	89	13967	8	22	6	40	34	-1	14217	Free
114	126	970	90	13089	1	20	6	39	33	-1	13589	Free
115	55	743	91	13060	5	18	3	30	27	-1	15060	Free
116	55	843	91	13060	5	18	3	34	31	-1	14060	Free
117	55	818	91	13060	5	18	3	33	30	-1	14310	Free
118	134	824	92	13886	9	24	6	33	27	-1	15886	Free
119	233	949	93	13286	8	24	10	38	28	-1	15036	Free
120	127	918	94	13062	2	18	6	37	31	-1	14062	Free
121	228	993	95	13264	3	18	10	40	30	-1	14514	Free
122	103	798	96	14916	3	23	5	32	27	-1	16916	Free
123	82	917	97	13023	7	17	4	37	33	-1	13523	Free
124	84	800	98	14278	9	25	4	32	28	-1	16028	Free
125	84	775	98	14278	9	25	4	31	27	-1	16278	Free
126	102	793	99	13062	2	18	5	32	27	-1	15062	Free
127	102	968	99	13062	2	18	5	39	34	-1	13312	Free
128	179	923	100	14117	4	23	8	37	29	-1	15617	Free
129	158	949	101	13286	8	24	7	38	31	-1	14286	Free
130	5	724	102	14686	5	24	1	29	28	-1	16436	Free
131	79	798	103	14117	4	23	4	32	28	-1	15867	Free
132	130	1000	104	13151	5	25	6	40	34	-1	13401	Free
133	202	999	105	14998	2	24	9	40	31	-1	15998	Free
134	106	842	106	13511	6	17	5	34	29	-1	15011	Free
135	107	842	107	13023	7	17	5	34	29	-1	14523	Free
136	107	967	107	13023	7	17	5	39	34	-1	13273	Free
137	201	920	108	13089	1	20	9	37	28	-1	14839	Free
138	201	995	108	13089	1	20	9	40	31	-1	14089	Free
139	81	771	109	14904	6	21	4	31	27	-1	16904	Free
140	76	845	110	13089	1	20	4	34	30	-1	14339	Free
141	34	721	111	13225	9	21	2	29	27	-1	15225	Free
142	33	717	112	13295	8	17	2	29	27	-1	15295	Free
143	102	900	113	13959	2	25	5	36	31	-1	14959	Free
144	206	996	114	14904	6	21	9	40	31	-1	15904	Free
145	206	946	114	14904	6	21	9	38	29	-1	16404	Free
146	206	925	115	13119	6	25	9	37	28	-1	14869	Free
147	206	950	115	13119	6	25	9	38	29	-1	14619	Free
148	77	848	116	14579	2	23	4	34	30	-1	15829	Free
149	77	773	116	14579	2	23	4	31	27	-1	16579	Free
150	131	975	117	13119	6	25	6	39	33	-1	13619	Free
151	131	900	117	13119	6	25	6	36	30	-1	14369	Free
152	130	874	118	14686	5	24	6	35	29	-1	16186	Free
153	128	900	119	14873	3	25	6	36	30	-1	16123	Free
154	128	1000	119	14873	3	25	6	40	34	-1	15123	Free
155	5	823	120	13068	5	23	1	33	32	-1	13818	Free
156	226	974	121	13912	1	24	10	39	29	-1	15412	Free
157	226	999	121	13912	1	24	10	40	30	-1	15162	Free
158	129	918	122	13428	4	18	6	37	31	-1	14428	Free
159	76	775	123	13655	1	25	4	31	27	-1	15655	Free
160	231	948	124	14817	6	23	10	38	28	-1	16567	Free
161	231	973	124	14817	6	23	10	39	29	-1	16317	Free
162	278	1000	125	14873	3	25	12	40	28	-1	16623	Free
163	226	924	126	13912	1	24	10	37	27	-1	15912	Free
164	77	850	127	13959	2	25	4	34	30	-1	15209	Free
165	77	950	127	13959	2	25	4	38	34	-1	14209	Free
166	77	923	128	14579	2	23	4	37	33	-1	15079	Free
167	252	992	129	13299	2	17	11	40	29	-1	14799	Free
168	226	946	130	14700	1	21	10	38	28	-1	16450	Free
169	131	825	131	13119	6	25	6	33	27	-1	15119	Free
170	184	943	132	13548	9	18	8	38	30	-1	14798	Free
171	184	867	133	14405	9	17	8	35	27	-1	16405	Free
172	207	998	134	14994	7	23	9	40	31	-1	15994	Free
173	207	948	134	14994	7	23	9	38	29	-1	16494	Free
174	78	817	135	14555	3	17	4	33	29	-1	16055	Free
175	78	967	135	14555	3	17	4	39	35	-1	14555	Free
176	55	793	136	13060	5	18	3	32	29	-1	14560	Free
177	101	818	137	13840	1	18	5	33	28	-1	15590	Free
178	234	943	138	13548	9	18	10	38	28	-1	15298	Free
179	176	921	139	14700	1	21	8	37	29	-1	16200	Free
180	27	917	140	13299	2	17	2	37	35	-1	13299	Free
181	57	850	141	13326	7	25	3	34	31	-1	14326	Free
182	201	996	142	14700	1	21	9	40	31	-1	15700	Free
183	277	971	143	14931	2	21	12	39	27	-1	16931	Free
184	254	942	144	13767	4	17	11	38	27	-1	15767	Free
185	205	968	145	13060	5	18	9	39	30	-1	14310	Free
186	4	849	146	13282	4	24	1	34	33	-1	13782	Free
187	4	824	147	13282	4	24	1	33	32	-1	14032	Free
188	183	970	148	13774	8	20	8	39	31	-1	14774	Free
189	183	870	148	13774	8	20	8	35	27	-1	15774	Free
190	258	942	149	13295	8	17	11	38	27	-1	15295	Free
191	78	868	150	13264	3	18	4	35	31	-1	14264	Free
192	54	793	151	13428	4	18	3	32	29	-1	14928	Free
193	81	773	152	14817	6	23	4	31	27	-1	16817	Free
194	81	798	152	14817	6	23	4	32	28	-1	16567	Free
195	102	898	153	14579	2	23	5	36	31	-1	15579	Free
196	128	820	154	13922	3	20	6	33	27	-1	15922	Free
197	178	893	155	13264	3	18	8	36	28	-1	15014	Free
198	3	720	156	13922	3	20	1	29	28	-1	15672	Free
199	183	894	157	13408	8	19	8	36	28	-1	15158	Free
200	34	794	158	14122	9	19	2	32	30	-1	15372	Free
201	253	942	159	14555	3	17	11	38	27	-1	16555	Free
202	253	967	159	14555	3	17	11	39	28	-1	16305	Free
203	2	868	160	13062	2	18	1	35	34	-1	13312	Free
204	227	972	161	14927	2	22	10	39	29	-1	16427	Free
205	207	947	162	13887	7	22	9	38	29	-1	15387	Free
206	101	843	163	13840	1	18	5	34	29	-1	15340	Free
207	101	943	163	13840	1	18	5	38	33	-1	14340	Free
208	27	917	164	13299	2	17	2	37	35	-1	13299	Free
209	27	898	165	14579	2	23	2	36	34	-1	14829	Free
210	27	798	165	14579	2	23	2	32	30	-1	15829	Free
211	104	822	166	14266	4	22	5	33	28	-1	16016	Free
212	130	923	167	13068	5	23	6	37	31	-1	14068	Free
213	105	819	168	14893	5	19	5	33	28	-1	16643	Free
214	105	944	168	14893	5	19	5	38	33	-1	15393	Free
215	105	919	168	14893	5	19	5	37	32	-1	15643	Free
216	227	949	169	14998	2	24	10	38	28	-1	16748	Free
217	77	794	170	13373	2	19	4	32	28	-1	15123	Free
218	76	817	171	14432	1	17	4	33	29	-1	15932	Free
219	76	942	171	14432	1	17	4	38	34	-1	14682	Free
220	76	892	171	14432	1	17	4	36	32	-1	15182	Free
221	77	867	172	13299	2	17	4	35	31	-1	14299	Free
222	77	942	172	13299	2	17	4	38	34	-1	13549	Free
223	254	995	173	14687	4	20	11	40	29	-1	16187	Free
224	30	918	174	13060	5	18	2	37	35	-1	13060	Free
225	177	998	175	14579	2	23	8	40	32	-1	15329	Free
226	177	973	175	14579	2	23	8	39	31	-1	15579	Free
227	183	869	176	13408	8	19	8	35	27	-1	15408	Free
228	183	894	176	13408	8	19	8	36	28	-1	15158	Free
229	279	974	177	13282	4	24	12	39	27	-1	15282	Free
230	203	945	178	13922	3	20	9	38	29	-1	15422	Free
231	231	919	179	14790	6	19	10	37	27	-1	16790	Free
232	231	974	180	13614	6	24	10	39	29	-1	15114	Free
233	152	944	181	13373	2	19	7	38	31	-1	14373	Free
234	1	896	182	14700	1	21	1	36	35	-1	14700	Free
235	280	997	183	14738	5	22	12	40	28	-1	16488	Free
236	183	995	184	13774	8	20	8	40	32	-1	14524	Free
237	252	995	185	13620	2	20	11	40	29	-1	15120	Free
238	78	824	186	14452	3	24	4	33	29	-1	15952	Free
239	301	1000	187	13655	1	25	13	40	27	-1	15655	Free
240	54	874	188	13282	4	24	3	35	32	-1	14032	Free
241	59	820	189	13140	9	20	3	33	30	-1	14390	Free
242	102	872	190	14927	2	22	5	35	30	-1	16177	Free
243	178	871	191	14005	3	21	8	35	27	-1	16005	Free
244	302	994	192	13373	2	19	13	40	27	-1	15373	Free
245	83	973	193	13115	8	23	4	39	35	-1	13115	Free
246	83	873	193	13115	8	23	4	35	31	-1	14115	Free
247	251	968	194	13840	1	18	11	39	28	-1	15590	Free
248	182	949	195	14702	7	24	8	38	30	-1	15952	Free
249	101	894	196	13869	1	19	5	36	31	-1	14869	Free
250	227	974	197	14998	2	24	10	39	29	-1	16498	Free
251	283	968	198	13155	8	18	12	39	27	-1	15155	Free
252	226	918	199	13840	1	18	10	37	27	-1	15840	Free
253	226	943	199	13840	1	18	10	38	28	-1	15590	Free
254	106	794	200	14790	6	19	5	32	27	-1	16790	Free
255	254	945	201	14687	4	20	11	38	27	-1	16687	Free
256	282	972	202	13887	7	22	12	39	27	-1	15887	Free
257	133	925	203	13994	8	25	6	37	31	-1	14994	Free
258	55	921	204	13797	5	21	3	37	34	-1	14047	Free
259	109	970	205	13140	9	20	5	39	34	-1	13390	Free
260	76	943	206	13840	1	18	4	38	34	-1	14090	Free
261	233	924	207	13286	8	24	10	37	27	-1	15286	Free
262	58	768	208	13155	8	18	3	31	28	-1	14905	Free
263	133	924	209	13286	8	24	6	37	31	-1	14286	Free
264	133	847	210	13967	8	22	6	34	28	-1	15717	Free
265	133	947	210	13967	8	22	6	38	32	-1	14717	Free
266	133	897	210	13967	8	22	6	36	30	-1	15217	Free
267	154	972	211	14266	4	22	7	39	32	-1	15016	Free
268	154	897	211	14266	4	22	7	36	29	-1	15766	Free
269	2	695	212	13620	2	20	1	28	27	-1	15620	Free
270	251	967	213	14432	1	17	11	39	28	-1	16182	Free
271	101	973	214	13355	1	23	5	39	34	-1	13605	Free
272	80	824	215	14686	5	24	4	33	29	-1	16186	Free
273	201	900	216	13655	1	25	9	36	27	-1	15655	Free
274	101	998	217	13355	1	23	5	40	35	-1	13355	Free
275	131	818	218	14903	6	18	6	33	27	-1	16903	Free
276	8	748	219	13115	8	23	1	30	29	-1	14615	Free
277	2	897	220	14927	2	22	1	36	35	-1	14927	Free
278	259	970	221	13140	9	20	11	39	28	-1	14890	Free
279	232	967	222	13023	7	17	10	39	29	-1	14523	Free
280	5	692	223	13452	5	17	1	28	27	-1	15452	Free
281	281	975	224	13119	6	25	12	39	27	-1	15119	Free
282	159	849	225	13886	9	24	7	34	27	-1	15886	Free
283	34	825	226	14278	9	25	2	33	31	-1	15278	Free
284	28	925	227	14873	3	25	2	37	35	-1	14873	Free
285	228	997	228	14901	3	22	10	40	30	-1	16151	Free
286	283	974	229	13286	8	24	12	39	27	-1	15286	Free
287	181	968	230	14903	6	18	8	39	31	-1	15903	Free
288	233	967	231	13295	8	17	10	39	29	-1	14795	Free
289	106	821	232	14904	6	21	5	33	28	-1	16654	Free
290	106	971	232	14904	6	21	5	39	34	-1	15154	Free
291	154	973	233	14117	4	23	7	39	32	-1	14867	Free
292	154	948	233	14117	4	23	7	38	31	-1	15117	Free
293	134	897	234	13713	9	22	6	36	30	-1	14963	Free
294	78	793	235	13264	3	18	4	32	28	-1	15014	Free
295	78	843	235	13264	3	18	4	34	30	-1	14514	Free
296	134	900	236	14278	9	25	6	36	30	-1	15528	Free
297	126	871	237	14700	1	21	6	35	29	-1	16200	Free
298	108	893	238	13155	8	18	5	36	31	-1	14155	Free
299	180	868	239	13060	5	18	8	35	27	-1	15060	Free
300	157	949	240	14702	7	24	7	38	31	-1	15702	Free
301	178	947	241	14901	3	22	8	38	30	-1	16151	Free
302	33	847	242	13967	8	22	2	34	32	-1	14717	Free
303	33	722	242	13967	8	22	2	29	27	-1	15967	Free
304	154	972	243	14266	4	22	7	39	32	-1	15016	Free
305	157	943	244	14075	7	18	7	38	31	-1	15075	Free
306	157	893	244	14075	7	18	7	36	29	-1	15575	Free
307	132	893	245	14075	7	18	6	36	30	-1	15325	Free
308	106	846	246	14904	6	21	5	34	29	-1	16404	Free
309	58	798	247	13115	8	23	3	32	29	-1	14615	Free
310	102	920	248	13620	2	20	5	37	32	-1	14370	Free
311	102	995	248	13620	2	20	5	40	35	-1	13620	Free
312	102	820	248	13620	2	20	5	33	28	-1	15370	Free
313	253	998	249	14916	3	23	11	40	29	-1	16416	Free
314	151	995	250	13089	1	20	7	40	33	-1	13589	Free
315	151	970	250	13089	1	20	7	39	32	-1	13839	Free
316	2	767	251	13299	2	17	1	31	30	-1	14549	Free
317	2	792	251	13299	2	17	1	32	31	-1	14299	Free
318	29	799	252	13282	4	24	2	32	30	-1	14532	Free
319	78	898	253	14916	3	23	4	36	32	-1	15666	Free
320	182	900	254	13326	7	25	8	36	28	-1	15076	Free
321	29	921	255	14710	4	21	2	37	35	-1	14710	Free
322	105	920	256	13980	5	20	5	37	32	-1	14730	Free
323	82	822	257	13887	7	22	4	33	29	-1	15387	Free
324	8	846	258	13229	8	21	1	34	33	-1	13729	Free
325	227	999	259	14998	2	24	10	40	30	-1	16248	Free
326	58	947	260	13967	8	22	3	38	35	-1	13967	Free
327	58	772	260	13967	8	22	3	31	28	-1	15717	Free
328	134	823	261	14566	9	23	6	33	27	-1	16566	Free
329	27	724	262	14998	2	24	2	29	27	-1	16998	Free
330	109	819	263	14122	9	19	5	33	28	-1	15872	Free
331	109	944	263	14122	9	19	5	38	33	-1	14622	Free
332	226	950	264	13655	1	25	10	38	28	-1	15405	Free
333	226	1000	264	13655	1	25	10	40	30	-1	14905	Free
334	132	848	265	14994	7	23	6	34	28	-1	16744	Free
335	82	875	266	13326	7	25	4	35	31	-1	14326	Free
336	259	943	267	13548	9	18	11	38	27	-1	15548	Free
337	32	824	268	14702	7	24	2	33	31	-1	15702	Free
338	178	922	269	14901	3	22	8	37	29	-1	16401	Free
339	84	773	270	14566	9	23	4	31	27	-1	16566	Free
340	84	898	270	14566	9	23	4	36	32	-1	15316	Free
341	152	846	271	14931	2	21	7	34	27	-1	16931	Free
342	77	893	272	13062	2	18	4	36	32	-1	13812	Free
343	82	770	273	13835	7	20	4	31	27	-1	15835	Free
344	202	944	274	13373	2	19	9	38	29	-1	14873	Free
345	201	995	275	13089	1	20	9	40	31	-1	14089	Free
346	79	871	276	14710	4	21	4	35	31	-1	15710	Free
347	103	846	277	14005	3	21	5	34	29	-1	15505	Free
348	34	848	278	14566	9	23	2	34	32	-1	15316	Free
349	304	992	279	13767	4	17	13	40	27	-1	15767	Free
350	78	950	280	14873	3	25	4	38	34	-1	15123	Free
351	106	918	281	14903	6	18	5	37	32	-1	15653	Free
352	105	871	282	13797	5	21	5	35	30	-1	15047	Free
353	107	969	283	13339	7	19	5	39	34	-1	13589	Free
354	107	994	283	13339	7	19	5	40	35	-1	13339	Free
355	256	994	284	14790	6	19	11	40	29	-1	16290	Free
356	34	771	285	13225	9	21	2	31	29	-1	14725	Free
357	4	721	286	14710	4	21	1	29	28	-1	16460	Free
358	1	892	287	14432	1	17	1	36	35	-1	14432	Free
359	279	995	288	14687	4	20	12	40	28	-1	16437	Free
360	180	942	289	13452	5	17	8	38	30	-1	14702	Free
361	31	924	290	13614	6	24	2	37	35	-1	13614	Free
362	154	968	291	13428	4	18	7	39	32	-1	14178	Free
363	31	750	292	13119	6	25	2	30	28	-1	14869	Free
364	31	770	293	14140	6	20	2	31	29	-1	15640	Free
365	31	920	293	14140	6	20	2	37	35	-1	14140	Free
366	31	745	293	14140	6	20	2	30	28	-1	15890	Free
367	31	795	293	14140	6	20	2	32	30	-1	15390	Free
368	134	973	294	14566	9	23	6	39	33	-1	15066	Free
369	52	950	295	13959	2	25	3	38	35	-1	13959	Free
370	182	975	296	13326	7	25	8	39	31	-1	14326	Free
371	182	925	296	13326	7	25	8	37	29	-1	14826	Free
372	257	945	297	13835	7	20	11	38	27	-1	15835	Free
373	257	995	297	13835	7	20	11	40	29	-1	15335	Free
374	81	794	298	14790	6	19	4	32	28	-1	16540	Free
375	133	898	299	13115	8	23	6	36	30	-1	14365	Free
376	133	848	299	13115	8	23	6	34	28	-1	14865	Free
377	26	817	300	14432	1	17	2	33	31	-1	15432	Free
378	101	969	301	13869	1	19	5	39	34	-1	14119	Free
379	8	800	302	13994	8	25	1	32	31	-1	14994	Free
380	8	875	302	13994	8	25	1	35	34	-1	14244	Free
381	4	822	303	14266	4	22	1	33	32	-1	15016	Free
382	4	897	303	14266	4	22	1	36	35	-1	14266	Free
383	128	949	304	14452	3	24	6	38	32	-1	15202	Free
384	106	900	305	13119	6	25	5	36	31	-1	14119	Free
385	106	850	305	13119	6	25	5	34	29	-1	14619	Free
386	106	875	305	13119	6	25	5	35	30	-1	14369	Free
387	280	997	306	14738	5	22	12	40	28	-1	16488	Free
388	134	875	307	14278	9	25	6	35	29	-1	15778	Free
389	152	924	308	14998	2	24	7	37	30	-1	16248	Free
390	78	818	309	13264	3	18	4	33	29	-1	14764	Free
391	78	868	309	13264	3	18	4	35	31	-1	14264	Free
392	54	824	310	13282	4	24	3	33	30	-1	14532	Free
393	177	970	311	13620	2	20	8	39	31	-1	14620	Free
394	155	993	312	13060	5	18	7	40	33	-1	13560	Free
395	207	920	313	13835	7	20	9	37	28	-1	15585	Free
396	31	792	314	13511	6	17	2	32	30	-1	14761	Free
397	57	770	315	13835	7	20	3	31	28	-1	15585	Free
398	284	975	316	14278	9	25	12	39	27	-1	16278	Free
399	57	842	317	13023	7	17	3	34	31	-1	14023	Free
400	33	773	318	13115	8	23	2	31	29	-1	14615	Free
401	33	823	318	13115	8	23	2	33	31	-1	14115	Free
402	57	843	319	14075	7	18	3	34	31	-1	15075	Free
403	57	918	319	14075	7	18	3	37	34	-1	14325	Free
404	177	917	320	13299	2	17	8	37	29	-1	14799	Free
405	204	974	321	13282	4	24	9	39	30	-1	14532	Free
406	204	949	321	13282	4	24	9	38	29	-1	14782	Free
407	1	842	322	14432	1	17	1	34	33	-1	14932	Free
408	1	692	322	14432	1	17	1	28	27	-1	16432	Free
409	84	847	323	13713	9	22	4	34	30	-1	14963	Free
410	176	870	324	13089	1	20	8	35	27	-1	15089	Free
411	305	992	325	13452	5	17	13	40	27	-1	15452	Free
412	204	970	326	14687	4	20	9	39	30	-1	15937	Free
413	6	819	327	14790	6	19	1	33	32	-1	15540	Free
414	6	694	327	14790	6	19	1	28	27	-1	16790	Free
415	6	894	327	14790	6	19	1	36	35	-1	14790	Free
416	57	750	328	13326	7	25	3	30	27	-1	15326	Free
417	131	921	329	14904	6	21	6	37	31	-1	15904	Free
418	5	894	330	14893	5	19	1	36	35	-1	14893	Free
419	177	968	331	13062	2	18	8	39	31	-1	14062	Free
420	106	925	332	13119	6	25	5	37	32	-1	13869	Free
421	106	875	332	13119	6	25	5	35	30	-1	14369	Free
422	4	746	333	14710	4	21	1	30	29	-1	16210	Free
423	4	771	333	14710	4	21	1	31	30	-1	15960	Free
424	4	846	333	14710	4	21	1	34	33	-1	15210	Free
425	58	873	334	13115	8	23	3	35	32	-1	13865	Free
426	131	824	335	13614	6	24	6	33	27	-1	15614	Free
427	131	849	335	13614	6	24	6	34	28	-1	15364	Free
428	251	972	336	13375	1	22	11	39	28	-1	15125	Free
429	308	993	337	13155	8	18	13	40	27	-1	15155	Free
430	102	970	338	13620	2	20	5	39	34	-1	13870	Free
431	181	868	339	14903	6	18	8	35	27	-1	16903	Free
432	181	918	339	14903	6	18	8	37	29	-1	16403	Free
433	207	895	340	13835	7	20	9	36	27	-1	15835	Free
434	156	972	341	14682	6	22	7	39	32	-1	15432	Free
435	156	947	341	14682	6	22	7	38	31	-1	15682	Free
436	233	968	342	13155	8	18	10	39	29	-1	14655	Free
437	152	844	343	13373	2	19	7	34	27	-1	15373	Free
438	77	873	344	14579	2	23	4	35	31	-1	15579	Free
439	277	994	345	13373	2	19	12	40	28	-1	15123	Free
440	33	843	346	13155	8	18	2	34	32	-1	13905	Free
441	33	868	346	13155	8	18	2	35	33	-1	13655	Free
442	179	897	347	14266	4	22	8	36	28	-1	16016	Free
443	31	773	348	14817	6	23	2	31	29	-1	16317	Free
444	183	973	349	13115	8	23	8	39	31	-1	14115	Free
445	183	898	349	13115	8	23	8	36	28	-1	14865	Free
446	282	972	350	13887	7	22	12	39	27	-1	15887	Free
447	158	900	351	13994	8	25	7	36	29	-1	15494	Free
448	54	920	352	14687	4	20	3	37	34	-1	14937	Free
449	54	745	352	14687	4	20	3	30	27	-1	16687	Free
450	78	800	353	14873	3	25	4	32	28	-1	16623	Free
451	76	973	354	13355	1	23	4	39	35	-1	13355	Free
452	76	942	355	14432	1	17	4	38	34	-1	14682	Free
453	107	947	356	13887	7	22	5	38	33	-1	14387	Free
454	206	923	357	14817	6	23	9	37	28	-1	16567	Free
455	206	898	357	14817	6	23	9	36	27	-1	16817	Free
456	53	875	358	14873	3	25	3	35	32	-1	15623	Free
457	53	800	358	14873	3	25	3	32	29	-1	16373	Free
458	57	850	359	13326	7	25	3	34	31	-1	14326	Free
459	57	775	359	13326	7	25	3	31	28	-1	15076	Free
460	8	746	360	13229	8	21	1	30	29	-1	14729	Free
461	3	818	361	13264	3	18	1	33	32	-1	14014	Free
462	3	768	361	13264	3	18	1	31	30	-1	14514	Free
463	108	997	362	13967	8	22	5	40	35	-1	13967	Free
464	7	895	363	13835	7	20	1	36	35	-1	13835	Free
465	81	969	364	14790	6	19	4	39	35	-1	14790	Free
466	81	794	364	14790	6	19	4	32	28	-1	16540	Free
467	8	692	365	13295	8	17	1	28	27	-1	15295	Free
468	8	742	365	13295	8	17	1	30	29	-1	14795	Free
469	28	871	366	14005	3	21	2	35	33	-1	14505	Free
470	129	969	367	14494	4	19	6	39	33	-1	14994	Free
471	129	869	367	14494	4	19	6	35	29	-1	15994	Free
472	129	919	367	14494	4	19	6	37	31	-1	15494	Free
473	152	947	368	14927	2	22	7	38	31	-1	15927	Free
474	179	945	369	14687	4	20	8	38	30	-1	15937	Free
475	252	997	370	14927	2	22	11	40	29	-1	16427	Free
476	77	898	371	14579	2	23	4	36	32	-1	15329	Free
477	227	947	372	14927	2	22	10	38	28	-1	16677	Free
478	227	972	372	14927	2	22	10	39	29	-1	16427	Free
479	54	844	373	14494	4	19	3	34	31	-1	15494	Free
480	180	871	374	13797	5	21	8	35	27	-1	15797	Free
481	180	996	374	13797	5	21	8	40	32	-1	14547	Free
482	180	921	374	13797	5	21	8	37	29	-1	15297	Free
483	152	922	375	14927	2	22	7	37	30	-1	16177	Free
484	152	847	375	14927	2	22	7	34	27	-1	16927	Free
485	101	875	376	13655	1	25	5	35	30	-1	14905	Free
486	82	793	377	14075	7	18	4	32	28	-1	15825	Free
487	82	843	377	14075	7	18	4	34	30	-1	15325	Free
488	104	849	378	13282	4	24	5	34	29	-1	14782	Free
489	52	894	379	13373	2	19	3	36	33	-1	13873	Free
490	52	944	379	13373	2	19	3	38	35	-1	13373	Free
491	103	922	380	14901	3	22	5	37	32	-1	15651	Free
492	103	847	380	14901	3	22	5	34	29	-1	16401	Free
493	301	998	381	13355	1	23	13	40	27	-1	15355	Free
494	27	792	382	13299	2	17	2	32	30	-1	14549	Free
495	27	867	382	13299	2	17	2	35	33	-1	13799	Free
496	130	875	383	13151	5	25	6	35	29	-1	14651	Free
497	133	998	384	13115	8	23	6	40	34	-1	13365	Free
498	132	825	385	13326	7	25	6	33	27	-1	15326	Free
499	59	948	386	14566	9	23	3	38	35	-1	14566	Free
500	56	748	387	14817	6	23	3	30	27	-1	16817	Free
501	205	974	388	14686	5	24	9	39	30	-1	15936	Free
502	26	725	389	13655	1	25	2	29	27	-1	15655	Free
503	83	848	390	13115	8	23	4	34	30	-1	14365	Free
504	233	917	391	13295	8	17	10	37	27	-1	15295	Free
505	76	967	392	14432	1	17	4	39	35	-1	14432	Free
506	76	792	392	14432	1	17	4	32	28	-1	16182	Free
507	30	744	393	14893	5	19	2	30	28	-1	16643	Free
508	30	869	393	14893	5	19	2	35	33	-1	15393	Free
509	258	970	394	13774	8	20	11	39	28	-1	15524	Free
510	32	922	395	13887	7	22	2	37	35	-1	13887	Free
511	32	747	395	13887	7	22	2	30	28	-1	15637	Free
512	77	868	396	13062	2	18	4	35	31	-1	14062	Free
513	2	725	397	13959	2	25	1	29	28	-1	15709	Free
514	2	750	397	13959	2	25	1	30	29	-1	15459	Free
515	152	898	398	14579	2	23	7	36	29	-1	16079	Free
516	156	997	399	14682	6	22	7	40	33	-1	15182	Free
517	156	897	399	14682	6	22	7	36	29	-1	16182	Free
518	156	872	399	14682	6	22	7	35	28	-1	16432	Free
519	227	944	400	13373	2	19	10	38	28	-1	15123	Free
520	8	825	401	13994	8	25	1	33	32	-1	14744	Free
521	8	850	401	13994	8	25	1	34	33	-1	14494	Free
522	9	868	402	13548	9	18	1	35	34	-1	13798	Free
523	32	800	403	13326	7	25	2	32	30	-1	14576	Free
524	80	795	404	13980	5	20	4	32	28	-1	15730	Free
525	77	922	405	14927	2	22	4	37	33	-1	15427	Free
526	77	772	405	14927	2	22	4	31	27	-1	16927	Free
527	77	822	405	14927	2	22	4	33	29	-1	16427	Free
528	102	975	406	13959	2	25	5	39	34	-1	14209	Free
529	233	973	407	13115	8	23	10	39	29	-1	14615	Free
530	79	821	408	14710	4	21	4	33	29	-1	16210	Free
531	79	796	408	14710	4	21	4	32	28	-1	16460	Free
532	230	969	409	14893	5	19	10	39	29	-1	16393	Free
533	133	994	410	13408	8	19	6	40	34	-1	13658	Free
534	176	999	411	13912	1	24	8	40	32	-1	14662	Free
535	83	772	412	13967	8	22	4	31	27	-1	15967	Free
536	256	947	413	14682	6	22	11	38	27	-1	16682	Free
537	158	992	414	13295	8	17	7	40	33	-1	13795	Free
538	29	871	415	14710	4	21	2	35	33	-1	15210	Free
539	277	970	416	13620	2	20	12	39	27	-1	15620	Free
540	277	995	416	13620	2	20	12	40	28	-1	15370	Free
541	180	996	417	13797	5	21	8	40	32	-1	14547	Free
542	103	848	418	14916	3	23	5	34	29	-1	16416	Free
543	103	873	418	14916	3	23	5	35	30	-1	16166	Free
544	103	798	418	14916	3	23	5	32	27	-1	16916	Free
545	27	923	419	14579	2	23	2	37	35	-1	14579	Free
546	302	996	420	14931	2	21	13	40	27	-1	16931	Free
547	79	821	421	14710	4	21	4	33	29	-1	16210	Free
548	79	871	421	14710	4	21	4	35	31	-1	15710	Free
549	51	950	422	13655	1	25	3	38	35	-1	13655	Free
550	126	944	423	13869	1	19	6	38	32	-1	14619	Free
551	251	942	424	14432	1	17	11	38	27	-1	16432	Free
552	29	849	425	13282	4	24	2	34	32	-1	14032	Free
553	29	774	425	13282	4	24	2	31	29	-1	14782	Free
554	180	947	426	14738	5	22	8	38	30	-1	15988	Free
555	179	998	427	14117	4	23	8	40	32	-1	14867	Free
556	106	847	428	14682	6	22	5	34	29	-1	16182	Free
557	183	967	429	13295	8	17	8	39	31	-1	14295	Free
558	77	871	430	14931	2	21	4	35	31	-1	15931	Free
559	77	796	430	14931	2	21	4	32	28	-1	16681	Free
560	59	948	431	14566	9	23	3	38	35	-1	14566	Free
561	59	923	431	14566	9	23	3	37	34	-1	14816	Free
562	284	969	432	14122	9	19	12	39	27	-1	16122	Free
563	30	819	433	14893	5	19	2	33	31	-1	15893	Free
564	81	820	434	14140	6	20	4	33	29	-1	15640	Free
565	202	896	435	14931	2	21	9	36	27	-1	16931	Free
566	28	848	436	14916	3	23	2	34	32	-1	15666	Free
567	82	768	437	14075	7	18	4	31	27	-1	16075	Free
568	156	993	438	14903	6	18	7	40	33	-1	15403	Free
569	109	893	439	13548	9	18	5	36	31	-1	14548	Free
570	109	818	439	13548	9	18	5	33	28	-1	15298	Free
571	109	918	439	13548	9	18	5	37	32	-1	14298	Free
572	133	998	440	13115	8	23	6	40	34	-1	13365	Free
573	232	917	441	13023	7	17	10	37	27	-1	15023	Free
574	232	942	441	13023	7	17	10	38	28	-1	14773	Free
575	180	918	442	13060	5	18	8	37	29	-1	14560	Free
576	6	725	443	13119	6	25	1	29	28	-1	14869	Free
577	158	970	444	13774	8	20	7	39	32	-1	14524	Free
578	158	945	444	13774	8	20	7	38	31	-1	14774	Free
579	52	950	445	13959	2	25	3	38	35	-1	13959	Free
580	52	850	445	13959	2	25	3	34	31	-1	14959	Free
581	127	945	446	13620	2	20	6	38	32	-1	14370	Free
582	82	842	447	13023	7	17	4	34	30	-1	14273	Free
583	82	892	447	13023	7	17	4	36	32	-1	13773	Free
584	157	894	448	13339	7	19	7	36	29	-1	14839	Free
585	126	869	449	13869	1	19	6	35	29	-1	15369	Free
586	104	867	450	13767	4	17	5	35	30	-1	15017	Free
587	59	749	451	13886	9	24	3	30	27	-1	15886	Free
588	59	824	451	13886	9	24	3	33	30	-1	15136	Free
589	184	994	452	14122	9	19	8	40	32	-1	14872	Free
590	106	942	453	13511	6	17	5	38	33	-1	14011	Free
591	226	946	454	14700	1	21	10	38	28	-1	16450	Free
592	226	996	454	14700	1	21	10	40	30	-1	15950	Free
593	29	919	455	14494	4	19	2	37	35	-1	14494	Free
594	5	843	456	13060	5	18	1	34	33	-1	13560	Free
595	5	868	456	13060	5	18	1	35	34	-1	13310	Free
596	184	994	457	14122	9	19	8	40	32	-1	14872	Free
597	231	997	458	14682	6	22	10	40	30	-1	15932	Free
598	51	899	459	13912	1	24	3	36	33	-1	14412	Free
599	51	849	459	13912	1	24	3	34	31	-1	14912	Free
600	32	725	460	13326	7	25	2	29	27	-1	15326	Free
601	204	971	461	14710	4	21	9	39	30	-1	15960	Free
602	204	896	461	14710	4	21	9	36	27	-1	16710	Free
603	59	892	462	14405	9	17	3	36	33	-1	14905	Free
604	59	942	462	14405	9	17	3	38	35	-1	14405	Free
605	59	745	463	13140	9	20	3	30	27	-1	15140	Free
606	153	975	464	14873	3	25	7	39	32	-1	15623	Free
607	152	868	465	13062	2	18	7	35	28	-1	14812	Free
608	105	844	466	14893	5	19	5	34	29	-1	16393	Free
609	105	869	466	14893	5	19	5	35	30	-1	16143	Free
610	106	992	467	13511	6	17	5	40	35	-1	13511	Free
611	251	996	468	14700	1	21	11	40	29	-1	16200	Free
612	26	919	469	13869	1	19	2	37	35	-1	13869	Free
613	103	822	470	14901	3	22	5	33	28	-1	16651	Free
614	107	920	471	13835	7	20	5	37	32	-1	14585	Free
615	107	795	471	13835	7	20	5	32	27	-1	15835	Free
616	52	899	472	14998	2	24	3	36	33	-1	15498	Free
617	132	817	473	13023	7	17	6	33	27	-1	15023	Free
618	127	818	474	13062	2	18	6	33	27	-1	15062	Free
619	280	973	475	13068	5	23	12	39	27	-1	15068	Free
620	157	993	476	14075	7	18	7	40	33	-1	14575	Free
621	257	947	477	13887	7	22	11	38	27	-1	15887	Free
622	55	819	478	14893	5	19	3	33	30	-1	16143	Free
623	106	919	479	14790	6	19	5	37	32	-1	15540	Free
624	30	769	480	14893	5	19	2	31	29	-1	16393	Free
625	128	921	481	14005	3	21	6	37	31	-1	15005	Free
626	227	947	482	14927	2	22	10	38	28	-1	16677	Free
627	227	922	482	14927	2	22	10	37	27	-1	16927	Free
628	207	917	483	13023	7	17	9	37	28	-1	14773	Free
629	209	893	484	13548	9	18	9	36	27	-1	15548	Free
630	105	967	485	13452	5	17	5	39	34	-1	13702	Free
631	105	867	485	13452	5	17	5	35	30	-1	14702	Free
632	201	974	486	13912	1	24	9	39	30	-1	15162	Free
633	180	872	487	14738	5	22	8	35	27	-1	16738	Free
634	159	1000	488	14278	9	25	7	40	33	-1	14778	Free
635	6	849	489	13614	6	24	1	34	33	-1	14114	Free
636	233	997	490	13967	8	22	10	40	30	-1	15217	Free
637	28	900	491	14873	3	25	2	36	34	-1	15123	Free
638	178	868	492	13264	3	18	8	35	27	-1	15264	Free
639	5	743	493	13060	5	18	1	30	29	-1	14560	Free
640	5	893	493	13060	5	18	1	36	35	-1	13060	Free
641	29	921	494	14710	4	21	2	37	35	-1	14710	Free
642	83	770	495	13774	8	20	4	31	27	-1	15774	Free
643	83	945	495	13774	8	20	4	38	34	-1	14024	Free
644	234	995	496	13140	9	20	10	40	30	-1	14390	Free
645	9	775	497	14278	9	25	1	31	30	-1	15528	Free
646	80	822	498	14738	5	22	4	33	29	-1	16238	Free
647	133	944	499	13408	8	19	6	38	32	-1	14158	Free
648	129	894	500	14494	4	19	6	36	30	-1	15744	Free
649	106	893	501	14903	6	18	5	36	31	-1	15903	Free
650	106	868	501	14903	6	18	5	35	30	-1	16153	Free
651	158	899	502	13286	8	24	7	36	29	-1	14786	Free
652	54	948	503	14117	4	23	3	38	35	-1	14117	Free
653	54	798	503	14117	4	23	3	32	29	-1	15617	Free
654	103	870	504	13922	3	20	5	35	30	-1	15172	Free
655	103	970	504	13922	3	20	5	39	34	-1	14172	Free
656	133	824	505	13286	8	24	6	33	27	-1	15286	Free
657	59	871	506	13225	9	21	3	35	32	-1	13975	Free
658	59	921	506	13225	9	21	3	37	34	-1	13475	Free
659	309	993	507	13548	9	18	13	40	27	-1	15548	Free
660	54	845	508	14687	4	20	3	34	31	-1	15687	Free
661	231	975	509	13119	6	25	10	39	29	-1	14619	Free
662	251	948	510	13355	1	23	11	38	27	-1	15355	Free
663	305	992	511	13452	5	17	13	40	27	-1	15452	Free
664	27	800	512	13959	2	25	2	32	30	-1	15209	Free
665	134	920	513	13140	9	20	6	37	31	-1	14140	Free
666	152	899	514	14998	2	24	7	36	29	-1	16498	Free
667	9	720	515	13140	9	20	1	29	28	-1	14890	Free
668	179	993	516	13428	4	18	8	40	32	-1	14178	Free
669	108	824	517	13286	8	24	5	33	28	-1	15036	Free
670	105	967	518	13452	5	17	5	39	34	-1	13702	Free
671	257	947	519	13887	7	22	11	38	27	-1	15887	Free
672	53	874	520	14452	3	24	3	35	32	-1	15202	Free
673	53	849	520	14452	3	24	3	34	31	-1	15452	Free
674	204	949	521	13282	4	24	9	38	29	-1	14782	Free
675	202	998	522	14579	2	23	9	40	31	-1	15579	Free
676	102	969	523	13373	2	19	5	39	34	-1	13623	Free
677	53	894	524	13026	3	19	3	36	33	-1	13526	Free
678	209	921	525	13225	9	21	9	37	28	-1	14975	Free
679	80	800	526	13151	5	25	4	32	28	-1	14901	Free
680	80	925	526	13151	5	25	4	37	33	-1	13651	Free
681	176	948	527	13355	1	23	8	38	30	-1	14605	Free
682	176	898	527	13355	1	23	8	36	28	-1	15105	Free
683	180	996	528	13797	5	21	8	40	32	-1	14547	Free
684	180	971	528	13797	5	21	8	39	31	-1	14797	Free
685	103	993	529	13264	3	18	5	40	35	-1	13264	Free
686	105	894	530	14893	5	19	5	36	31	-1	15893	Free
687	105	819	530	14893	5	19	5	33	28	-1	16643	Free
688	58	744	531	13408	8	19	3	30	27	-1	15408	Free
689	58	944	531	13408	8	19	3	38	35	-1	13408	Free
690	54	849	532	13282	4	24	3	34	31	-1	14282	Free
691	54	899	532	13282	4	24	3	36	33	-1	13782	Free
692	101	821	533	14700	1	21	5	33	28	-1	16450	Free
693	84	974	534	13886	9	24	4	39	35	-1	13886	Free
694	303	993	535	13264	3	18	13	40	27	-1	15264	Free
695	52	793	536	13062	2	18	3	32	29	-1	14562	Free
696	151	945	537	13089	1	20	7	38	31	-1	14089	Free
697	156	899	538	13614	6	24	7	36	29	-1	15114	Free
698	251	996	539	14700	1	21	11	40	29	-1	16200	Free
699	251	971	539	14700	1	21	11	39	28	-1	16450	Free
700	56	898	540	14817	6	23	3	36	33	-1	15317	Free
701	56	748	540	14817	6	23	3	30	27	-1	16817	Free
702	51	796	541	14700	1	21	3	32	29	-1	16200	Free
703	184	971	542	13225	9	21	8	39	31	-1	14225	Free
704	128	944	543	13026	3	19	6	38	32	-1	13776	Free
705	301	999	544	13912	1	24	13	40	27	-1	15912	Free
706	54	817	545	13767	4	17	3	33	30	-1	15017	Free
707	128	868	546	13264	3	18	6	35	29	-1	14764	Free
708	154	842	547	13767	4	17	7	34	27	-1	15767	Free
709	76	824	548	13912	1	24	4	33	29	-1	15412	Free
710	133	999	549	13286	8	24	6	40	34	-1	13536	Free
711	234	946	550	13225	9	21	10	38	28	-1	14975	Free
712	208	996	551	13229	8	21	9	40	31	-1	14229	Free
713	208	971	551	13229	8	21	9	39	30	-1	14479	Free
714	178	875	552	14873	3	25	8	35	27	-1	16873	Free
715	181	944	553	14790	6	19	8	38	30	-1	16040	Free
716	281	997	554	14682	6	22	12	40	28	-1	16432	Free
717	130	972	555	14738	5	22	6	39	33	-1	15238	Free
718	201	900	556	13655	1	25	9	36	27	-1	15655	Free
719	253	944	557	13026	3	19	11	38	27	-1	15026	Free
720	56	768	558	14903	6	18	3	31	28	-1	16653	Free
721	256	969	559	14790	6	19	11	39	28	-1	16540	Free
722	84	942	560	14405	9	17	4	38	34	-1	14655	Free
723	1	773	561	13355	1	23	1	31	30	-1	14605	Free
724	205	969	562	14893	5	19	9	39	30	-1	16143	Free
725	204	925	563	14312	4	25	9	37	28	-1	16062	Free
726	126	897	564	13375	1	22	6	36	30	-1	14625	Free
727	78	946	565	14005	3	21	4	38	34	-1	14255	Free
728	54	796	566	14710	4	21	3	32	29	-1	16210	Free
729	54	921	566	14710	4	21	3	37	34	-1	14960	Free
730	54	821	566	14710	4	21	3	33	30	-1	15960	Free
731	26	921	567	14700	1	21	2	37	35	-1	14700	Free
732	51	924	568	13912	1	24	3	37	34	-1	14162	Free
733	131	923	569	14817	6	23	6	37	31	-1	15817	Free
734	84	844	570	14122	9	19	4	34	30	-1	15372	Free
735	7	772	571	13887	7	22	1	31	30	-1	15137	Free
736	29	873	572	14117	4	23	2	35	33	-1	14617	Free
737	56	925	573	13119	6	25	3	37	34	-1	13369	Free
738	56	800	573	13119	6	25	3	32	29	-1	14619	Free
739	56	900	573	13119	6	25	3	36	33	-1	13619	Free
740	151	925	574	13655	1	25	7	37	30	-1	14905	Free
741	159	947	575	13713	9	22	7	38	31	-1	14713	Free
742	176	918	576	13840	1	18	8	37	29	-1	15340	Free
743	8	749	577	13286	8	24	1	30	29	-1	14786	Free
744	51	871	578	14700	1	21	3	35	32	-1	15450	Free
745	155	921	579	13797	5	21	7	37	30	-1	15047	Free
746	152	997	580	14927	2	22	7	40	33	-1	15427	Free
747	152	947	580	14927	2	22	7	38	31	-1	15927	Free
748	159	850	581	14278	9	25	7	34	27	-1	16278	Free
749	205	996	582	13797	5	21	9	40	31	-1	14797	Free
750	107	844	583	13339	7	19	5	34	29	-1	14839	Free
751	107	969	583	13339	7	19	5	39	34	-1	13589	Free
752	228	925	584	14873	3	25	10	37	27	-1	16873	Free
753	107	795	585	13835	7	20	5	32	27	-1	15835	Free
754	178	994	586	13026	3	19	8	40	32	-1	13776	Free
755	205	998	587	13068	5	23	9	40	31	-1	14068	Free
756	108	871	588	13229	8	21	5	35	30	-1	14479	Free
757	108	946	588	13229	8	21	5	38	33	-1	13729	Free
758	28	749	589	14452	3	24	2	30	28	-1	16202	Free
759	28	874	589	14452	3	24	2	35	33	-1	14952	Free
760	28	774	589	14452	3	24	2	31	29	-1	15952	Free
761	209	892	590	14405	9	17	9	36	27	-1	16405	Free
762	179	921	591	14710	4	21	8	37	29	-1	16210	Free
763	179	871	591	14710	4	21	8	35	27	-1	16710	Free
764	130	943	592	13060	5	18	6	38	32	-1	13810	Free
765	130	993	592	13060	5	18	6	40	34	-1	13310	Free
766	127	943	593	13062	2	18	6	38	32	-1	13812	Free
767	5	771	594	13797	5	21	1	31	30	-1	15047	Free
768	4	692	595	13767	4	17	1	28	27	-1	15767	Free
769	102	869	596	13373	2	19	5	35	30	-1	14623	Free
770	102	944	596	13373	2	19	5	38	33	-1	13873	Free
771	34	892	597	14405	9	17	2	36	34	-1	14655	Free
772	256	944	598	14790	6	19	11	38	27	-1	16790	Free
773	309	993	599	13548	9	18	13	40	27	-1	15548	Free
774	58	846	600	13229	8	21	3	34	31	-1	14229	Free
775	9	823	601	14566	9	23	1	33	32	-1	15316	Free
776	7	848	602	14994	7	23	1	34	33	-1	15494	Free
777	79	974	603	13282	4	24	4	39	35	-1	13282	Free
778	229	923	604	14117	4	23	10	37	27	-1	16117	Free
779	207	919	605	13339	7	19	9	37	28	-1	15089	Free
780	230	971	606	13797	5	21	10	39	29	-1	15297	Free
781	303	994	607	13026	3	19	13	40	27	-1	15026	Free
782	27	850	608	13959	2	25	2	34	32	-1	14709	Free
783	27	875	608	13959	2	25	2	35	33	-1	14459	Free
784	130	872	609	14738	5	22	6	35	29	-1	16238	Free
785	54	850	610	14312	4	25	3	34	31	-1	15312	Free
786	54	950	610	14312	4	25	3	38	35	-1	14312	Free
787	109	822	611	13713	9	22	5	33	28	-1	15463	Free
788	254	995	612	14687	4	20	11	40	29	-1	16187	Free
789	157	921	613	14387	7	21	7	37	30	-1	15637	Free
790	130	819	614	14893	5	19	6	33	27	-1	16893	Free
791	130	919	614	14893	5	19	6	37	31	-1	15893	Free
792	130	844	614	14893	5	19	6	34	28	-1	16643	Free
793	79	799	615	13282	4	24	4	32	28	-1	15032	Free
794	79	849	615	13282	4	24	4	34	30	-1	14532	Free
795	154	900	616	14312	4	25	7	36	29	-1	15812	Free
796	156	894	617	14790	6	19	7	36	29	-1	16290	Free
797	156	969	617	14790	6	19	7	39	32	-1	15540	Free
798	156	844	617	14790	6	19	7	34	27	-1	16790	Free
799	26	843	618	13840	1	18	2	34	32	-1	14590	Free
800	307	998	619	14994	7	23	13	40	27	-1	16994	Free
801	154	844	620	14494	4	19	7	34	27	-1	16494	Free
802	4	798	621	14117	4	23	1	32	31	-1	15117	Free
803	7	846	622	14387	7	21	1	34	33	-1	14887	Free
804	105	850	623	13151	5	25	5	34	29	-1	14651	Free
805	59	767	624	14405	9	17	3	31	28	-1	16155	Free
806	52	767	625	13299	2	17	3	31	28	-1	15049	Free
807	79	799	626	13282	4	24	4	32	28	-1	15032	Free
808	129	974	627	13282	4	24	6	39	33	-1	13782	Free
809	8	894	628	13408	8	19	1	36	35	-1	13408	Free
810	5	695	629	13980	5	20	1	28	27	-1	15980	Free
811	77	895	630	13620	2	20	4	36	32	-1	14370	Free
812	4	700	631	14312	4	25	1	28	27	-1	16312	Free
813	78	820	632	13922	3	20	4	33	29	-1	15422	Free
814	78	795	632	13922	3	20	4	32	28	-1	15672	Free
815	207	892	633	13023	7	17	9	36	27	-1	15023	Free
816	207	942	633	13023	7	17	9	38	29	-1	14523	Free
817	52	944	634	13373	2	19	3	38	35	-1	13373	Free
818	84	968	635	13548	9	18	4	39	35	-1	13548	Free
819	84	918	635	13548	9	18	4	37	33	-1	14048	Free
820	33	720	636	13774	8	20	2	29	27	-1	15774	Free
821	33	845	636	13774	8	20	2	34	32	-1	14524	Free
822	4	744	637	14494	4	19	1	30	29	-1	15994	Free
823	207	919	638	13339	7	19	9	37	28	-1	15089	Free
824	56	845	639	14140	6	20	3	34	31	-1	15140	Free
825	228	922	640	14901	3	22	10	37	27	-1	16901	Free
826	258	950	641	13994	8	25	11	38	27	-1	15994	Free
827	151	967	642	14432	1	17	7	39	32	-1	15182	Free
828	106	796	643	14904	6	21	5	32	27	-1	16904	Free
829	106	921	643	14904	6	21	5	37	32	-1	15654	Free
830	157	871	644	14387	7	21	7	35	28	-1	16137	Free
831	206	899	645	13614	6	24	9	36	27	-1	15614	Free
832	4	819	646	14494	4	19	1	33	32	-1	15244	Free
833	29	794	647	14494	4	19	2	32	30	-1	15744	Free
834	29	919	647	14494	4	19	2	37	35	-1	14494	Free
835	258	998	648	13115	8	23	11	40	29	-1	14615	Free
836	59	919	649	14122	9	19	3	37	34	-1	14372	Free
837	129	992	650	13767	4	17	6	40	34	-1	14017	Free
838	129	942	650	13767	4	17	6	38	32	-1	14517	Free
839	34	846	651	13225	9	21	2	34	32	-1	13975	Free
840	28	824	652	14452	3	24	2	33	31	-1	15452	Free
841	26	799	653	13912	1	24	2	32	30	-1	15162	Free
842	105	822	654	14738	5	22	5	33	28	-1	16488	Free
843	105	797	654	14738	5	22	5	32	27	-1	16738	Free
844	2	847	655	14927	2	22	1	34	33	-1	15427	Free
845	126	925	656	13655	1	25	6	37	31	-1	14655	Free
846	76	967	657	14432	1	17	4	39	35	-1	14432	Free
847	76	942	657	14432	1	17	4	38	34	-1	14682	Free
848	252	973	658	14579	2	23	11	39	28	-1	16329	Free
849	2	796	659	14931	2	21	1	32	31	-1	15931	Free
850	104	998	660	14117	4	23	5	40	35	-1	14117	Free
851	34	924	661	13886	9	24	2	37	35	-1	13886	Free
852	103	968	662	13264	3	18	5	39	34	-1	13514	Free
853	131	845	663	14140	6	20	6	34	28	-1	15890	Free
854	133	897	664	13967	8	22	6	36	30	-1	15217	Free
855	133	997	664	13967	8	22	6	40	34	-1	14217	Free
856	53	898	665	14916	3	23	3	36	33	-1	15416	Free
857	30	871	666	13797	5	21	2	35	33	-1	14297	Free
858	278	975	667	14873	3	25	12	39	27	-1	16873	Free
859	84	875	668	14278	9	25	4	35	31	-1	15278	Free
860	84	950	668	14278	9	25	4	38	34	-1	14528	Free
861	84	894	669	14122	9	19	4	36	32	-1	14872	Free
862	126	868	670	13840	1	18	6	35	29	-1	15340	Free
863	105	972	671	14738	5	22	5	39	34	-1	14988	Free
864	4	699	672	13282	4	24	1	28	27	-1	15282	Free
865	256	967	673	13511	6	17	11	39	28	-1	15261	Free
866	256	942	673	13511	6	17	11	38	27	-1	15511	Free
867	128	849	674	14452	3	24	6	34	28	-1	16202	Free
868	184	974	675	13886	9	24	8	39	31	-1	14886	Free
869	184	949	675	13886	9	24	8	38	30	-1	15136	Free
870	227	924	676	14998	2	24	10	37	27	-1	16998	Free
871	227	999	676	14998	2	24	10	40	30	-1	16248	Free
872	79	870	677	14687	4	20	4	35	31	-1	15687	Free
873	204	943	678	13428	4	18	9	38	29	-1	14928	Free
874	8	770	679	13774	8	20	1	31	30	-1	15024	Free
875	202	894	680	13373	2	19	9	36	27	-1	15373	Free
876	81	894	681	14790	6	19	4	36	32	-1	15540	Free
877	81	869	681	14790	6	19	4	35	31	-1	15790	Free
878	133	997	682	13967	8	22	6	40	34	-1	14217	Free
879	4	894	683	14494	4	19	1	36	35	-1	14494	Free
880	4	769	683	14494	4	19	1	31	30	-1	15744	Free
881	102	975	684	13959	2	25	5	39	34	-1	14209	Free
882	82	848	685	14994	7	23	4	34	30	-1	16244	Free
883	82	948	685	14994	7	23	4	38	34	-1	15244	Free
884	129	999	686	13282	4	24	6	40	34	-1	13532	Free
885	183	996	687	13229	8	21	8	40	32	-1	13979	Free
886	183	869	688	13408	8	19	8	35	27	-1	15408	Free
887	81	970	689	14140	6	20	4	39	35	-1	14140	Free
888	59	825	690	14278	9	25	3	33	30	-1	15528	Free
889	130	847	691	14738	5	22	6	34	28	-1	16488	Free
890	130	872	691	14738	5	22	6	35	29	-1	16238	Free
891	6	871	692	14904	6	21	1	35	34	-1	15154	Free
892	6	721	692	14904	6	21	1	29	28	-1	16654	Free
893	33	769	693	13408	8	19	2	31	29	-1	14908	Free
894	82	773	694	14994	7	23	4	31	27	-1	16994	Free
895	82	823	694	14994	7	23	4	33	29	-1	16494	Free
896	82	923	694	14994	7	23	4	37	33	-1	15494	Free
897	179	972	695	14266	4	22	8	39	31	-1	15266	Free
898	104	875	696	14312	4	25	5	35	30	-1	15562	Free
899	4	869	697	14494	4	19	1	35	34	-1	14744	Free
900	4	894	697	14494	4	19	1	36	35	-1	14494	Free
901	79	897	698	14266	4	22	4	36	32	-1	15016	Free
902	109	847	699	13713	9	22	5	34	29	-1	15213	Free
903	6	893	700	14903	6	18	1	36	35	-1	14903	Free
904	26	773	701	13355	1	23	2	31	29	-1	14855	Free
905	6	796	702	14904	6	21	1	32	31	-1	15904	Free
906	56	774	703	13614	6	24	3	31	28	-1	15364	Free
907	226	919	704	13869	1	19	10	37	27	-1	15869	Free
908	1	798	705	13355	1	23	1	32	31	-1	14355	Free
909	151	843	706	13840	1	18	7	34	27	-1	15840	Free
910	28	920	707	13922	3	20	2	37	35	-1	13922	Free
911	28	745	707	13922	3	20	2	30	28	-1	15672	Free
912	56	818	708	14903	6	18	3	33	30	-1	16153	Free
913	158	917	709	13295	8	17	7	37	30	-1	14545	Free
914	79	825	710	14312	4	25	4	33	29	-1	15812	Free
915	103	873	711	14916	3	23	5	35	30	-1	16166	Free
916	29	848	712	14117	4	23	2	34	32	-1	14867	Free
917	27	797	713	14927	2	22	2	32	30	-1	16177	Free
918	27	720	714	13620	2	20	2	29	27	-1	15620	Free
919	27	795	714	13620	2	20	2	32	30	-1	14870	Free
920	27	920	714	13620	2	20	2	37	35	-1	13620	Free
921	127	848	715	14579	2	23	6	34	28	-1	16329	Free
922	127	923	715	14579	2	23	6	37	31	-1	15579	Free
923	127	873	715	14579	2	23	6	35	29	-1	16079	Free
924	127	898	715	14579	2	23	6	36	30	-1	15829	Free
925	5	722	716	14738	5	22	1	29	28	-1	16488	Free
926	84	972	717	13713	9	22	4	39	35	-1	13713	Free
927	305	992	718	13452	5	17	13	40	27	-1	15452	Free
928	283	997	719	13967	8	22	12	40	28	-1	15717	Free
929	127	950	720	13959	2	25	6	38	32	-1	14709	Free
930	127	1000	720	13959	2	25	6	40	34	-1	14209	Free
931	153	897	721	14901	3	22	7	36	29	-1	16401	Free
932	278	1000	722	14873	3	25	12	40	28	-1	16623	Free
933	32	842	723	13023	7	17	2	34	32	-1	13773	Free
934	209	894	724	14122	9	19	9	36	27	-1	16122	Free
935	59	742	725	14405	9	17	3	30	27	-1	16405	Free
936	59	817	725	14405	9	17	3	33	30	-1	15655	Free
937	153	870	726	13922	3	20	7	35	28	-1	15672	Free
938	58	872	727	13967	8	22	3	35	32	-1	14717	Free
939	108	818	728	13155	8	18	5	33	28	-1	14905	Free
940	159	922	729	13713	9	22	7	37	30	-1	14963	Free
941	159	847	729	13713	9	22	7	34	27	-1	15713	Free
942	53	842	730	14555	3	17	3	34	31	-1	15555	Free
943	59	847	731	13713	9	22	3	34	31	-1	14713	Free
944	255	944	732	14893	5	19	11	38	27	-1	16893	Free
945	308	994	733	13408	8	19	13	40	27	-1	15408	Free
946	30	873	734	13068	5	23	2	35	33	-1	13568	Free
947	30	748	734	13068	5	23	2	30	28	-1	14818	Free
948	109	899	735	13886	9	24	5	36	31	-1	14886	Free
949	33	796	736	13229	8	21	2	32	30	-1	14479	Free
950	202	997	737	14927	2	22	9	40	31	-1	15927	Free
951	102	945	738	13620	2	20	5	38	33	-1	14120	Free
952	126	899	739	13912	1	24	6	36	30	-1	15162	Free
953	126	949	739	13912	1	24	6	38	32	-1	14662	Free
954	107	1000	740	13326	7	25	5	40	35	-1	13326	Free
955	107	800	740	13326	7	25	5	32	27	-1	15326	Free
956	107	975	740	13326	7	25	5	39	34	-1	13576	Free
957	103	798	741	14916	3	23	5	32	27	-1	16916	Free
958	103	923	741	14916	3	23	5	37	32	-1	15666	Free
959	2	697	742	14927	2	22	1	28	27	-1	16927	Free
960	134	867	743	14405	9	17	6	35	29	-1	15905	Free
961	26	744	744	13869	1	19	2	30	28	-1	15619	Free
962	132	823	745	14994	7	23	6	33	27	-1	16994	Free
963	77	946	746	14931	2	21	4	38	34	-1	15181	Free
964	184	997	747	13713	9	22	8	40	32	-1	14463	Free
965	179	999	748	13282	4	24	8	40	32	-1	14032	Free
966	154	893	749	13428	4	18	7	36	29	-1	14928	Free
967	154	918	749	13428	4	18	7	37	30	-1	14678	Free
968	78	867	750	14555	3	17	4	35	31	-1	15555	Free
969	181	967	751	13511	6	17	8	39	31	-1	14511	Free
970	203	967	752	14555	3	17	9	39	30	-1	15805	Free
971	203	992	752	14555	3	17	9	40	31	-1	15555	Free
972	309	1000	753	14278	9	25	13	40	27	-1	16278	Free
973	51	867	754	14432	1	17	3	35	32	-1	15182	Free
974	84	772	755	13713	9	22	4	31	27	-1	15713	Free
975	84	797	755	13713	9	22	4	32	28	-1	15463	Free
976	84	972	755	13713	9	22	4	39	35	-1	13713	Free
977	205	895	756	13980	5	20	9	36	27	-1	15980	Free
978	52	846	757	14931	2	21	3	34	31	-1	15931	Free
979	52	796	757	14931	2	21	3	32	29	-1	16431	Free
980	133	925	758	13994	8	25	6	37	31	-1	14994	Free
981	132	968	759	14075	7	18	6	39	33	-1	14575	Free
982	58	874	760	13286	8	24	3	35	32	-1	14036	Free
983	6	819	761	14790	6	19	1	33	32	-1	15540	Free
984	6	769	761	14790	6	19	1	31	30	-1	16040	Free
985	153	995	762	13922	3	20	7	40	33	-1	14422	Free
986	153	845	762	13922	3	20	7	34	27	-1	15922	Free
987	107	875	763	13326	7	25	5	35	30	-1	14576	Free
988	28	900	764	14873	3	25	2	36	34	-1	15123	Free
989	28	875	764	14873	3	25	2	35	33	-1	15373	Free
990	76	899	765	13912	1	24	4	36	32	-1	14662	Free
991	76	974	765	13912	1	24	4	39	35	-1	13912	Free
992	158	972	766	13967	8	22	7	39	32	-1	14717	Free
993	226	998	767	13355	1	23	10	40	30	-1	14605	Free
994	205	920	768	13980	5	20	9	37	28	-1	15730	Free
995	55	892	769	13452	5	17	3	36	33	-1	13952	Free
996	55	792	769	13452	5	17	3	32	29	-1	14952	Free
997	52	897	770	14927	2	22	3	36	33	-1	15427	Free
998	131	870	771	14140	6	20	6	35	29	-1	15640	Free
999	53	818	772	13264	3	18	3	33	30	-1	14514	Free
1000	53	743	772	13264	3	18	3	30	27	-1	15264	Free
1001	230	1000	773	13151	5	25	10	40	30	-1	14401	Free
1002	1	800	774	13655	1	25	1	32	31	-1	14655	Free
1003	183	969	775	13408	8	19	8	39	31	-1	14408	Free
1004	183	944	776	13408	8	19	8	38	30	-1	14658	Free
1005	130	892	777	13452	5	17	6	36	30	-1	14702	Free
1006	207	974	778	14702	7	24	9	39	30	-1	15952	Free
1007	207	899	778	14702	7	24	9	36	27	-1	16702	Free
1008	9	767	779	14405	9	17	1	31	30	-1	15655	Free
1009	176	873	780	13355	1	23	8	35	27	-1	15355	Free
1010	2	692	781	13299	2	17	1	28	27	-1	15299	Free
1011	77	946	782	14931	2	21	4	38	34	-1	15181	Free
1012	106	974	783	13614	6	24	5	39	34	-1	13864	Free
1013	7	742	784	13023	7	17	1	30	29	-1	14523	Free
1014	76	973	785	13355	1	23	4	39	35	-1	13355	Free
1015	126	900	786	13655	1	25	6	36	30	-1	14905	Free
1016	27	847	787	14927	2	22	2	34	32	-1	15677	Free
1017	52	899	788	14998	2	24	3	36	33	-1	15498	Free
1018	76	772	789	13375	1	22	4	31	27	-1	15375	Free
1019	9	746	790	13225	9	21	1	30	29	-1	14725	Free
1020	131	848	791	14817	6	23	6	34	28	-1	16567	Free
1021	33	874	792	13286	8	24	2	35	33	-1	13786	Free
1022	1	868	793	13840	1	18	1	35	34	-1	14090	Free
1023	1	818	793	13840	1	18	1	33	32	-1	14590	Free
1024	52	893	794	13062	2	18	3	36	33	-1	13562	Free
1025	52	743	794	13062	2	18	3	30	27	-1	15062	Free
1026	201	970	795	13089	1	20	9	39	30	-1	14339	Free
1027	4	792	796	13767	4	17	1	32	31	-1	14767	Free
1028	180	971	797	13797	5	21	8	39	31	-1	14797	Free
1029	104	920	798	14687	4	20	5	37	32	-1	15437	Free
1030	128	848	799	14916	3	23	6	34	28	-1	16666	Free
1031	182	995	800	13835	7	20	8	40	32	-1	14585	Free
1032	54	869	801	14494	4	19	3	35	32	-1	15244	Free
1033	183	949	802	13286	8	24	8	38	30	-1	14536	Free
1034	256	994	803	14790	6	19	11	40	29	-1	16290	Free
1035	105	895	804	13980	5	20	5	36	31	-1	14980	Free
1036	208	973	805	13115	8	23	9	39	30	-1	14365	Free
1037	208	998	805	13115	8	23	9	40	31	-1	14115	Free
1038	5	900	806	13151	5	25	1	36	35	-1	13151	Free
1039	130	898	807	13068	5	23	6	36	30	-1	14318	Free
1040	130	848	807	13068	5	23	6	34	28	-1	14818	Free
1041	159	944	808	14122	9	19	7	38	31	-1	15122	Free
1042	159	969	808	14122	9	19	7	39	32	-1	14872	Free
1043	6	896	809	14904	6	21	1	36	35	-1	14904	Free
1044	234	1000	810	14278	9	25	10	40	30	-1	15528	Free
1045	234	925	810	14278	9	25	10	37	27	-1	16278	Free
1046	234	950	810	14278	9	25	10	38	28	-1	16028	Free
1047	1	821	811	14700	1	21	1	33	32	-1	15450	Free
1048	153	922	812	14901	3	22	7	37	30	-1	16151	Free
1049	153	997	812	14901	3	22	7	40	33	-1	15401	Free
1050	281	993	813	14903	6	18	12	40	28	-1	16653	Free
1051	201	943	814	13840	1	18	9	38	29	-1	15340	Free
1052	201	893	814	13840	1	18	9	36	27	-1	15840	Free
1053	227	950	815	13959	2	25	10	38	28	-1	15709	Free
1054	203	921	816	14005	3	21	9	37	28	-1	15755	Free
1055	56	896	817	14904	6	21	3	36	33	-1	15404	Free
1056	256	999	818	13614	6	24	11	40	29	-1	15114	Free
1057	4	697	819	14266	4	22	1	28	27	-1	16266	Free
1058	4	822	819	14266	4	22	1	33	32	-1	15016	Free
1059	4	797	819	14266	4	22	1	32	31	-1	15266	Free
1060	104	975	820	14312	4	25	5	39	34	-1	14562	Free
1061	127	1000	821	13959	2	25	6	40	34	-1	14209	Free
1062	184	994	822	14122	9	19	8	40	32	-1	14872	Free
1063	204	998	823	14117	4	23	9	40	31	-1	15117	Free
1064	204	973	823	14117	4	23	9	39	30	-1	15367	Free
1065	76	818	824	13840	1	18	4	33	29	-1	15340	Free
1066	131	875	825	13119	6	25	6	35	29	-1	14619	Free
1067	131	1000	825	13119	6	25	6	40	34	-1	13369	Free
1068	155	846	826	13797	5	21	7	34	27	-1	15797	Free
1069	33	918	827	13155	8	18	2	37	35	-1	13155	Free
1070	103	999	828	14452	3	24	5	40	35	-1	14452	Free
1071	53	893	829	13264	3	18	3	36	33	-1	13764	Free
1072	132	996	830	14387	7	21	6	40	34	-1	14637	Free
1073	56	871	831	14904	6	21	3	35	32	-1	15654	Free
1074	106	798	832	14817	6	23	5	32	27	-1	16817	Free
1075	176	1000	833	13655	1	25	8	40	32	-1	14405	Free
1076	54	819	834	14494	4	19	3	33	30	-1	15744	Free
1077	153	900	835	14873	3	25	7	36	29	-1	16373	Free
1078	153	849	836	14452	3	24	7	34	27	-1	16452	Free
1079	151	917	837	14432	1	17	7	37	30	-1	15682	Free
1080	151	967	837	14432	1	17	7	39	32	-1	15182	Free
1081	283	967	838	13295	8	17	12	39	27	-1	15295	Free
1082	55	823	839	13068	5	23	3	33	30	-1	14318	Free
1083	205	967	840	13452	5	17	9	39	30	-1	14702	Free
1084	1	721	841	14700	1	21	1	29	28	-1	16450	Free
1085	279	969	842	14494	4	19	12	39	27	-1	16494	Free
1086	184	999	843	13886	9	24	8	40	32	-1	14636	Free
1087	184	874	843	13886	9	24	8	35	27	-1	15886	Free
1088	252	967	844	13299	2	17	11	39	28	-1	15049	Free
1089	29	719	845	14494	4	19	2	29	27	-1	16494	Free
1090	29	744	845	14494	4	19	2	30	28	-1	16244	Free
1091	5	868	846	13060	5	18	1	35	34	-1	13310	Free
1092	201	897	847	13375	1	22	9	36	27	-1	15375	Free
1093	77	974	848	14998	2	24	4	39	35	-1	14998	Free
1094	208	897	849	13967	8	22	9	36	27	-1	15967	Free
1095	208	922	849	13967	8	22	9	37	28	-1	15717	Free
1096	56	945	850	14140	6	20	3	38	35	-1	14140	Free
1097	181	920	851	14140	6	20	8	37	29	-1	15640	Free
1098	29	818	852	13428	4	18	2	33	31	-1	14428	Free
1099	179	973	853	14117	4	23	8	39	31	-1	15117	Free
1100	28	749	854	14452	3	24	2	30	28	-1	16202	Free
1101	28	874	854	14452	3	24	2	35	33	-1	14952	Free
1102	278	971	855	14005	3	21	12	39	27	-1	16005	Free
1103	53	825	856	14873	3	25	3	33	30	-1	16123	Free
1104	33	875	857	13994	8	25	2	35	33	-1	14494	Free
1105	59	875	858	14278	9	25	3	35	32	-1	15028	Free
1106	76	875	859	13655	1	25	4	35	31	-1	14655	Free
1107	132	943	860	14075	7	18	6	38	32	-1	14825	Free
1108	129	892	861	13767	4	17	6	36	30	-1	15017	Free
1109	83	769	862	13408	8	19	4	31	27	-1	15408	Free
1110	182	971	863	14387	7	21	8	39	31	-1	15387	Free
1111	182	921	863	14387	7	21	8	37	29	-1	15887	Free
1112	81	799	864	13614	6	24	4	32	28	-1	15364	Free
1113	104	819	865	14494	4	19	5	33	28	-1	16244	Free
1114	108	994	866	13408	8	19	5	40	35	-1	13408	Free
1115	108	819	866	13408	8	19	5	33	28	-1	15158	Free
1116	202	925	867	13959	2	25	9	37	28	-1	15709	Free
1117	107	994	868	13339	7	19	5	40	35	-1	13339	Free
1118	82	947	869	13887	7	22	4	38	34	-1	14137	Free
1119	184	968	870	13548	9	18	8	39	31	-1	14548	Free
1120	32	818	871	14075	7	18	2	33	31	-1	15075	Free
1121	58	822	872	13967	8	22	3	33	30	-1	15217	Free
1122	57	850	873	13326	7	25	3	34	31	-1	14326	Free
1123	57	875	873	13326	7	25	3	35	32	-1	14076	Free
1124	34	844	874	14122	9	19	2	34	32	-1	14872	Free
1125	34	719	874	14122	9	19	2	29	27	-1	16122	Free
1126	103	846	875	14005	3	21	5	34	29	-1	15505	Free
1127	128	970	876	13922	3	20	6	39	33	-1	14422	Free
1128	59	767	877	14405	9	17	3	31	28	-1	16155	Free
1129	56	898	878	14817	6	23	3	36	33	-1	15317	Free
1130	56	873	878	14817	6	23	3	35	32	-1	15567	Free
1131	155	945	879	13980	5	20	7	38	31	-1	14980	Free
1132	27	796	880	14931	2	21	2	32	30	-1	16181	Free
1133	282	968	881	14075	7	18	12	39	27	-1	16075	Free
1134	34	768	882	13548	9	18	2	31	29	-1	15048	Free
1135	34	918	882	13548	9	18	2	37	35	-1	13548	Free
1136	80	895	883	13980	5	20	4	36	32	-1	14730	Free
1137	80	795	883	13980	5	20	4	32	28	-1	15730	Free
1138	183	925	884	13994	8	25	8	37	29	-1	15494	Free
1139	209	975	885	14278	9	25	9	39	30	-1	15528	Free
1140	129	821	886	14710	4	21	6	33	27	-1	16710	Free
1141	101	817	887	14432	1	17	5	33	28	-1	16182	Free
1142	131	892	888	13511	6	17	6	36	30	-1	14761	Free
1143	281	994	889	14790	6	19	12	40	28	-1	16540	Free
1144	101	793	890	13840	1	18	5	32	27	-1	15840	Free
1145	5	867	891	13452	5	17	1	35	34	-1	13702	Free
1146	34	744	892	14122	9	19	2	30	28	-1	15872	Free
1147	34	919	892	14122	9	19	2	37	35	-1	14122	Free
1148	53	824	893	14452	3	24	3	33	30	-1	15702	Free
1149	126	994	894	13869	1	19	6	40	34	-1	14119	Free
1150	126	869	894	13869	1	19	6	35	29	-1	15369	Free
1151	7	771	895	14387	7	21	1	31	30	-1	15637	Free
1152	33	917	896	13295	8	17	2	37	35	-1	13295	Free
1153	33	767	896	13295	8	17	2	31	29	-1	14795	Free
1154	59	821	897	13225	9	21	3	33	30	-1	14475	Free
1155	153	969	898	13026	3	19	7	39	32	-1	13776	Free
1156	153	844	898	13026	3	19	7	34	27	-1	15026	Free
1157	77	798	899	14579	2	23	4	32	28	-1	16329	Free
1158	77	948	899	14579	2	23	4	38	34	-1	14829	Free
1159	31	797	900	14682	6	22	2	32	30	-1	15932	Free
1160	31	822	900	14682	6	22	2	33	31	-1	15682	Free
1161	229	972	901	14266	4	22	10	39	29	-1	15766	Free
1162	228	994	902	13026	3	19	10	40	30	-1	14276	Free
1163	155	998	903	13068	5	23	7	40	33	-1	13568	Free
1164	155	848	903	13068	5	23	7	34	27	-1	15068	Free
1165	30	799	904	14686	5	24	2	32	30	-1	15936	Free
1166	131	895	905	14140	6	20	6	36	30	-1	15390	Free
1167	105	892	906	13452	5	17	5	36	31	-1	14452	Free
1168	109	945	907	13140	9	20	5	38	33	-1	13640	Free
1169	103	874	908	14452	3	24	5	35	30	-1	15702	Free
1170	254	1000	909	14312	4	25	11	40	29	-1	15812	Free
1171	254	950	909	14312	4	25	11	38	27	-1	16312	Free
1172	206	998	910	14817	6	23	9	40	31	-1	15817	Free
1173	154	894	911	14494	4	19	7	36	29	-1	15994	Free
1174	154	994	911	14494	4	19	7	40	33	-1	14994	Free
1175	126	919	912	13869	1	19	6	37	31	-1	14869	Free
1176	80	923	913	13068	5	23	4	37	33	-1	13568	Free
1177	76	774	914	13912	1	24	4	31	27	-1	15912	Free
1178	108	821	915	13229	8	21	5	33	28	-1	14979	Free
1179	179	897	916	14266	4	22	8	36	28	-1	16016	Free
1180	32	870	917	13835	7	20	2	35	33	-1	14335	Free
1181	104	892	918	13767	4	17	5	36	31	-1	14767	Free
1182	104	867	918	13767	4	17	5	35	30	-1	15017	Free
1183	156	996	919	14904	6	21	7	40	33	-1	15404	Free
1184	156	946	919	14904	6	21	7	38	31	-1	15904	Free
1185	156	871	919	14904	6	21	7	35	28	-1	16654	Free
1186	34	847	920	13713	9	22	2	34	32	-1	14463	Free
1187	34	822	920	13713	9	22	2	33	31	-1	14713	Free
1188	56	842	921	13511	6	17	3	34	31	-1	14511	Free
1189	84	850	922	14278	9	25	4	34	30	-1	15528	Free
1190	26	869	923	13869	1	19	2	35	33	-1	14369	Free
1191	156	922	924	14682	6	22	7	37	30	-1	15932	Free
1192	105	947	925	14738	5	22	5	38	33	-1	15238	Free
1193	158	975	926	13994	8	25	7	39	32	-1	14744	Free
1194	228	993	927	13264	3	18	10	40	30	-1	14514	Free
1195	27	824	928	14998	2	24	2	33	31	-1	15998	Free
1196	79	775	929	14312	4	25	4	31	27	-1	16312	Free
1197	26	872	930	13375	1	22	2	35	33	-1	13875	Free
1198	26	722	930	13375	1	22	2	29	27	-1	15375	Free
1199	207	923	931	14994	7	23	9	37	28	-1	16744	Free
1200	2	770	932	13620	2	20	1	31	30	-1	14870	Free
1201	277	1000	933	13959	2	25	12	40	28	-1	15709	Free
1202	33	896	934	13229	8	21	2	36	34	-1	13479	Free
1203	33	771	934	13229	8	21	2	31	29	-1	14729	Free
1204	4	770	935	14687	4	20	1	31	30	-1	15937	Free
1205	4	870	935	14687	4	20	1	35	34	-1	14937	Free
1206	231	971	936	14904	6	21	10	39	29	-1	16404	Free
1207	5	875	937	13151	5	25	1	35	34	-1	13401	Free
1208	184	995	938	13140	9	20	8	40	32	-1	13890	Free
1209	257	998	939	14994	7	23	11	40	29	-1	16494	Free
1210	130	846	940	13797	5	21	6	34	28	-1	15547	Free
1211	130	946	940	13797	5	21	6	38	32	-1	14547	Free
1212	130	921	940	13797	5	21	6	37	31	-1	14797	Free
1213	28	920	941	13922	3	20	2	37	35	-1	13922	Free
1214	52	917	942	13299	2	17	3	37	34	-1	13549	Free
1215	105	917	943	13452	5	17	5	37	32	-1	14202	Free
1216	209	995	944	13140	9	20	9	40	31	-1	14140	Free
1217	209	945	944	13140	9	20	9	38	29	-1	14640	Free
1218	127	998	945	14579	2	23	6	40	34	-1	14829	Free
1219	229	942	946	13767	4	17	10	38	28	-1	15517	Free
1220	229	917	946	13767	4	17	10	37	27	-1	15767	Free
1221	178	874	947	14452	3	24	8	35	27	-1	16452	Free
1222	227	999	948	14998	2	24	10	40	30	-1	16248	Free
1223	181	948	949	14817	6	23	8	38	30	-1	16067	Free
1224	181	973	949	14817	6	23	8	39	31	-1	15817	Free
1225	308	998	950	13115	8	23	13	40	27	-1	15115	Free
1226	53	950	951	14873	3	25	3	38	35	-1	14873	Free
1227	53	900	951	14873	3	25	3	36	33	-1	15373	Free
1228	57	772	952	13887	7	22	3	31	28	-1	15637	Free
1229	57	872	952	13887	7	22	3	35	32	-1	14637	Free
1230	57	822	952	13887	7	22	3	33	30	-1	15137	Free
1231	302	999	953	14998	2	24	13	40	27	-1	16998	Free
1232	131	823	954	14817	6	23	6	33	27	-1	16817	Free
1233	204	995	955	14687	4	20	9	40	31	-1	15687	Free
1234	158	947	956	13967	8	22	7	38	31	-1	14967	Free
1235	55	819	957	14893	5	19	3	33	30	-1	16143	Free
1236	55	894	957	14893	5	19	3	36	33	-1	15393	Free
1237	308	992	958	13295	8	17	13	40	27	-1	15295	Free
1238	77	872	959	14927	2	22	4	35	31	-1	15927	Free
1239	77	822	959	14927	2	22	4	33	29	-1	16427	Free
1240	29	819	960	14494	4	19	2	33	31	-1	15494	Free
1241	133	900	961	13994	8	25	6	36	30	-1	15244	Free
1242	309	994	962	14122	9	19	13	40	27	-1	16122	Free
1243	4	700	963	14312	4	25	1	28	27	-1	16312	Free
1244	80	819	964	14893	5	19	4	33	29	-1	16393	Free
1245	80	768	965	13060	5	18	4	31	27	-1	15060	Free
1246	53	794	966	13026	3	19	3	32	29	-1	14526	Free
1247	53	944	966	13026	3	19	3	38	35	-1	13026	Free
1248	309	999	967	13886	9	24	13	40	27	-1	15886	Free
1249	3	874	968	14452	3	24	1	35	34	-1	14702	Free
1250	3	699	968	14452	3	24	1	28	27	-1	16452	Free
1251	103	796	969	14005	3	21	5	32	27	-1	16005	Free
1252	5	748	970	13068	5	23	1	30	29	-1	14568	Free
1253	55	949	971	14686	5	24	3	38	35	-1	14686	Free
1254	128	897	972	14901	3	22	6	36	30	-1	16151	Free
1255	8	698	973	13115	8	23	1	28	27	-1	15115	Free
1256	8	798	973	13115	8	23	1	32	31	-1	14115	Free
1257	8	823	973	13115	8	23	1	33	32	-1	13865	Free
1258	52	745	974	13620	2	20	3	30	27	-1	15620	Free
1259	52	820	974	13620	2	20	3	33	30	-1	14870	Free
1260	151	975	975	13655	1	25	7	39	32	-1	14405	Free
1261	208	892	976	13295	8	17	9	36	27	-1	15295	Free
1262	208	917	976	13295	8	17	9	37	28	-1	15045	Free
1263	9	743	977	13548	9	18	1	30	29	-1	15048	Free
1264	228	943	978	13264	3	18	10	38	28	-1	15014	Free
1265	4	868	979	13428	4	18	1	35	34	-1	13678	Free
1266	84	975	980	14278	9	25	4	39	35	-1	14278	Free
1267	84	925	980	14278	9	25	4	37	33	-1	14778	Free
1268	84	875	980	14278	9	25	4	35	31	-1	15278	Free
1269	251	972	981	13375	1	22	11	39	28	-1	15125	Free
1270	251	947	981	13375	1	22	11	38	27	-1	15375	Free
1271	153	949	982	14452	3	24	7	38	31	-1	15452	Free
1272	154	868	983	13428	4	18	7	35	28	-1	15178	Free
1273	5	747	984	14738	5	22	1	30	29	-1	16238	Free
1274	102	999	985	14998	2	24	5	40	35	-1	14998	Free
1275	102	849	985	14998	2	24	5	34	29	-1	16498	Free
1276	256	994	986	14790	6	19	11	40	29	-1	16290	Free
1277	31	924	987	13614	6	24	2	37	35	-1	13614	Free
1278	31	874	987	13614	6	24	2	35	33	-1	14114	Free
1279	31	849	987	13614	6	24	2	34	32	-1	14364	Free
1280	54	925	988	14312	4	25	3	37	34	-1	14562	Free
1281	132	823	989	14994	7	23	6	33	27	-1	16994	Free
1282	259	942	990	14405	9	17	11	38	27	-1	16405	Free
1283	278	969	991	13026	3	19	12	39	27	-1	15026	Free
1284	79	969	992	14494	4	19	4	39	35	-1	14494	Free
1285	79	944	992	14494	4	19	4	38	34	-1	14744	Free
1286	227	967	993	13299	2	17	10	39	29	-1	14799	Free
1287	9	820	994	13140	9	20	1	33	32	-1	13890	Free
1288	53	846	995	14005	3	21	3	34	31	-1	15005	Free
1289	201	944	996	13869	1	19	9	38	29	-1	15369	Free
1290	27	743	997	13062	2	18	2	30	28	-1	14812	Free
1291	27	868	997	13062	2	18	2	35	33	-1	13562	Free
1292	27	843	997	13062	2	18	2	34	32	-1	13812	Free
1293	184	949	998	13886	9	24	8	38	30	-1	15136	Free
1294	131	947	999	14682	6	22	6	38	32	-1	15432	Free
1295	131	847	999	14682	6	22	6	34	28	-1	16432	Free
1296	131	972	999	14682	6	22	6	39	33	-1	15182	Free
1297	131	922	999	14682	6	22	6	37	31	-1	15682	Free
1298	53	873	1000	14916	3	23	3	35	32	-1	15666	Free
